#x		nu_e		nu_e_bar		nu_mu		nu_mu_bar		nu_tau		nu_tau_bar
0.0034975		10.4234		10.4261		10.235199999999999		10.2354		4.36577		4.366919999999999
0.0084925		7.09858		7.10881		6.9977800000000006		6.998660000000001		2.6988		2.69231
0.013488		4.8496500000000005		4.8425400000000005		4.780310000000001		4.78192		1.87609		1.87855
0.018482		3.5543600000000004		3.55475		3.50791		3.50437		1.4034400000000002		1.39948
0.023477		2.73078		2.73313		2.70401		2.7042800000000002		1.0876000000000001		1.08836
0.028473		2.1753299999999998		2.17399		2.1583099999999997		2.1527999999999996		0.8683630000000001		0.8711619999999998
0.033468000000000005		1.7749499999999998		1.7713899999999998		1.7596699999999998		1.75577		0.7075619999999999		0.707753
0.038463000000000004		1.47631		1.4747599999999996		1.4631499999999997		1.4613		0.585441		0.586476
0.043458		1.2457600000000002		1.2447		1.23769		1.23475		0.48924500000000004		0.489041
0.048453		1.0676299999999999		1.06435		1.0542299999999998		1.05782		0.4149089999999999		0.41505099999999995
0.053448		0.9216050000000001		0.918721		0.9158639999999998		0.9174169999999998		0.353737		0.354008
0.058442999999999995		0.803981		0.8013870000000001		0.798748		0.798211		0.304719		0.304308
0.06343800000000001		0.7030669999999999		0.7050089999999999		0.700374		0.7017680000000002		0.26145700000000005		0.26261199999999996
0.06843300000000001		0.621084		0.622117		0.6178250000000001		0.6208889999999999		0.22817199999999999		0.22762100000000002
0.073428		0.554544		0.555473		0.551925		0.554243		0.19982899999999998		0.20046500000000003
0.07842199999999999		0.495369		0.496268		0.49322600000000005		0.490221		0.175201		0.17437700000000003
0.083418		0.44432299999999997		0.44217200000000006		0.441873		0.44185800000000003		0.15376499999999999		0.155302
0.08841299999999999		0.40103900000000003		0.40125599999999995		0.398304		0.39893199999999995		0.136409		0.137148
0.09340699999999999		0.361468		0.36301700000000003		0.3631480000000001		0.361556		0.12187699999999999		0.12242799999999998
0.098403		0.330449		0.329098		0.327567		0.327026		0.10731299999999999		0.10865200000000001
0.1034		0.29943099999999995		0.29872899999999997		0.29575999999999997		0.2973279999999999		0.09692490000000001		0.0972473
0.10839		0.27466899999999994		0.273532		0.273127		0.270768		0.087007		0.0872372
0.11339		0.24990600000000002		0.248359		0.25082499999999996		0.248027		0.0781118		0.0769857
0.11838		0.22892799999999996		0.22878600000000002		0.227961		0.227917		0.06965750000000001		0.0694479
0.12337999999999999		0.211035		0.210696		0.211448		0.209415		0.0636035		0.06248080000000002
0.12837		0.19437200000000002		0.19460000000000002		0.19313800000000003		0.192972		0.05686669999999999		0.056321500000000004
0.13337000000000002		0.17943599999999998		0.178388		0.178489		0.17820200000000003		0.051542300000000006		0.05087699999999999
0.13836		0.16571100000000002		0.164204		0.162883		0.16412699999999997		0.045312000000000005		0.0461795
0.14336000000000002		0.151794		0.15266000000000002		0.152059		0.15122600000000003		0.0417836		0.041525999999999993
0.14834999999999998		0.140406		0.13968799999999998		0.141705		0.14084500000000003		0.0374006		0.038292400000000004
0.15335		0.130606		0.13230000000000003		0.13045299999999999		0.13102200000000003		0.034171599999999996		0.0342405
0.15834		0.121318		0.12088999999999998		0.121659		0.120964		0.0314255		0.031477099999999994
0.16334		0.11321699999999998		0.11232600000000001		0.112202		0.11299600000000001		0.0282347		0.0282192
0.16833		0.10536100000000001		0.105775		0.105406		0.10538399999999999		0.026058900000000003		0.025547200000000003
0.17333		0.09825629999999999		0.0976071		0.0983312		0.09854720000000002		0.0235301		0.0236676
0.17832		0.09091629999999998		0.09138190000000002		0.0916633		0.09173919999999999		0.0212168		0.021287700000000003
0.18331999999999998		0.0847242		0.08501339999999999		0.08387400000000002		0.0854788		0.019454		0.0192378
0.18831		0.0795951		0.0794914		0.07977490000000001		0.079128		0.0175489		0.0175485
0.19331		0.07425000000000001		0.0746422		0.07432369999999999		0.0740123		0.016217500000000003		0.0159709
0.1983		0.06917399999999999		0.06897049999999999		0.0700669		0.0693238		0.014752399999999999		0.014337200000000003
0.2033		0.0656568		0.06496070000000001		0.0653875		0.0647575		0.013330000000000003		0.013239399999999998
0.20829		0.0609859		0.06086769999999999		0.06090009999999999		0.06039989999999999		0.012381600000000001		0.0124333
0.21328999999999998		0.0569641		0.056876899999999994		0.0575438		0.0574781		0.011175390000000002		0.0111688
0.21828		0.0543388		0.0535054		0.05481079999999999		0.05361600000000001		0.0103745		0.010221379999999999
0.22328		0.0500737		0.050111300000000004		0.049954700000000005		0.05041749999999999		0.00940132		0.009283360000000001
0.22827		0.047454		0.047527700000000006		0.0473615		0.0471008		0.008643590000000001		0.008318540000000001
0.23327		0.044562500000000005		0.0448396		0.0442415		0.0440578		0.00784619		0.00785394
0.23826		0.041652100000000004		0.0413769		0.0414661		0.04171469999999999		0.0069393200000000006		0.00671543
0.24326		0.039156100000000006		0.03920490000000001		0.0390521		0.0384737		0.006522740000000001		0.00653136
0.24825		0.036662900000000005		0.0367416		0.0363256		0.036978699999999996		0.005705040000000001		0.00589046
0.25325		0.034066400000000004		0.03448470000000001		0.0339989		0.0346422		0.00559715		0.00521598
0.25824		0.0324802		0.0326737		0.0322623		0.0322891		0.00495735		0.00485299
0.26324000000000003		0.0304496		0.030087999999999997		0.030484		0.030433899999999996		0.00438454		0.0043979200000000005
0.26823		0.028692799999999997		0.0286176		0.028294800000000002		0.0290095		0.004029110000000001		0.0039110099999999995
0.27323000000000003		0.027181200000000006		0.027427700000000006		0.0270385		0.0271867		0.00380909		0.0037211
0.27822		0.025917100000000005		0.025812599999999998		0.025300299999999998		0.025607800000000003		0.00325202		0.0033328200000000002
0.28322		0.023756		0.0234137		0.023579899999999997		0.0236387		0.00293826		0.00312187
0.28820999999999997		0.0224295		0.0224881		0.0227215		0.022659		0.0028172		0.00275158
0.29320999999999997		0.021158299999999998		0.0215752		0.021161000000000003		0.0210796		0.00252666		0.00249948
0.29819999999999997		0.0199769		0.0195534		0.019580399999999998		0.0198826		0.00221609		0.0023375699999999998
0.30319999999999997		0.0193416		0.018860099999999998		0.0187547		0.018713399999999998		0.00208097		0.0021331500000000003
0.30819		0.017273100000000003		0.0178772		0.0179781		0.0179548		0.0019111		0.00182087
0.31319		0.0169283		0.0166587		0.016798		0.0166997		0.0017620100000000003		0.00176028
0.31818		0.0158619		0.015362199999999998		0.0159518		0.0156757		0.00153746		0.0016243
0.32318		0.0147449		0.014798500000000001		0.014965699999999998		0.014869299999999998		0.00150139		0.00140528
0.32817		0.013927100000000001		0.0141149		0.013831399999999999		0.013852999999999999		0.0013315999999999998		0.001238702
0.33317		0.0133571		0.0132018		0.013133200000000001		0.0132415		0.0011986789999999998		0.001191526
0.33816		0.012483699999999997		0.0123549		0.0124131		0.012283800000000001		0.001022016		0.00118475
0.34316		0.0116619		0.0117519		0.0116352		0.011992799999999998		0.001006889		0.000982774
0.34814999999999996		0.011062600000000002		0.010979		0.01091786		0.0108151		0.0008050479999999998		0.0008638109999999999
0.35314999999999996		0.01037719		0.01044436		0.01016972		0.01016602		0.0007644430000000002		0.000857055
0.35814		0.00965191		0.00958281		0.009566419999999999		0.0097794		0.000675214		0.00075011
0.36313999999999996		0.009057850000000001		0.00917963		0.008854709999999998		0.009311089999999998		0.0006668760000000001		0.0006658339999999999
0.36813		0.00889231		0.00861239		0.00857957		0.008582219999999998		0.0005393449999999999		0.000542378
0.37313		0.00807218		0.008352949999999998		0.00803589		0.00801642		0.000515115		0.00042436800000000005
0.37812		0.007375909999999999		0.007582449999999999		0.00778033		0.007576549999999999		0.00045515699999999987		0.00046069499999999995
0.38312		0.007128820000000001		0.00701008		0.00702872		0.007107380000000001		0.00038129699999999995		0.000419235
0.38811		0.0067997000000000005		0.00683839		0.00663108		0.006622890000000001		0.00038435300000000004		0.000381211
0.39311		0.00640285		0.006480250000000002		0.006254459999999999		0.00624387		0.00034035200000000004		0.000282175
0.3981		0.00596288		0.00602538		0.00585276		0.00584097		0.000283366		0.00032616499999999995
0.4031		0.00549259		0.00573118		0.005642350000000001		0.005599120000000001		0.000268002		0.000239871
0.40808999999999995		0.00530264		0.005297199999999999		0.00517798		0.00540848		0.00021414800000000002		0.000245123
0.41308999999999996		0.0049054500000000004		0.005033569999999999		0.00483639		0.00482335		0.00017792419999999997		0.00019667549999999998
0.41808		0.004596879999999999		0.0046590600000000005		0.004638959999999999		0.00436265		0.0002084646		0.00014994389999999997
0.42308		0.004297629999999999		0.004292530000000001		0.004246419999999999		0.00440552		0.0001498323		0.000177978
0.42807		0.0042279200000000005		0.00406719		0.00403061		0.00414609		0.0001881615		0.00016040220000000001
0.43307		0.00367462		0.0037711200000000006		0.00376296		0.00381625		0.0001077925		0.00014641600000000002
0.43806		0.00348313		0.0036622399999999998		0.00336078		0.0035726		0.0001296474		0.00012117359999999999
0.44306		0.0033081100000000004		0.0033395499999999993		0.00340192		0.00340612		0.0001338969		0.00011516630000000001
0.44805		0.0030927000000000003		0.0031493700000000007		0.0031048200000000003		0.00313547		8.628089999999999e-05		8.41521e-05
0.45305		0.0028568200000000004		0.00286833		0.0029167999999999998		0.00292905		8.51874e-05		9.559420000000001e-05
0.45804		0.0027629699999999996		0.00265253		0.00266376		0.0026604		8.75944e-05		0.0001048948
0.46304		0.002567560000000001		0.00258456		0.00247744		0.00244563		6.816099999999999e-05		5.79051e-05
0.46802999999999995		0.0024175000000000004		0.0022711700000000003		0.00232164		0.0023588899999999998		7.518660000000001e-05		8.00705e-05
0.47302999999999995		0.00225208		0.0022686200000000003		0.00212039		0.00208342		4.988960000000001e-05		5.193661000000001e-05
0.47802		0.00210656		0.0019130400000000002		0.00213768		0.00198884		6.503140000000001e-05		6.439941e-05
0.48302		0.0019534		0.00186347		0.0018879900000000002		0.0019576700000000003		5.1552e-05		5.5542200000000005e-05
0.48801		0.0019481		0.0018128999999999999		0.0018810899999999998		0.00181355		3.2622730000000004e-05		3.1247869999999994e-05
0.49301		0.00169534		0.00170492		0.00172514		0.0016164499999999997		5.2212720000000004e-05		3.665921e-05
0.498		0.0015303500000000002		0.0016682199999999998		0.0015729199999999998		0.00154817		4.0193070000000004e-05		4.060299e-05
0.503		0.00142308		0.0014167499999999996		0.001403946		0.00144417		4.58792e-05		3.100901e-05
0.50799		0.00142565		0.0013291499999999999		0.0013006		0.00127376		4.623754e-05		2.013181e-05
0.5129900000000001		0.0012381299999999998		0.001215235		0.00136413		0.0011750770000000003		2.9406000000000003e-05		3.101285999999999e-05
0.51798		0.0011557339999999998		0.00118682		0.0011530239999999999		0.001202359		2.356508e-05		3.9889169999999995e-05
0.52298		0.001048511		0.001133215		0.001059833		0.001135415		2.428671e-05		1.168015e-05
0.52797		0.0010620620000000001		0.0010292049999999998		0.000925438		0.001043649		1.1982140000000001e-05		4.308698e-05
0.53297		0.000932148		0.0008759260000000002		0.000938967		0.000954461		2.4923650000000003e-05		3.1355430000000003e-05
0.53796		0.0007853799999999999		0.0007893830000000001		0.000780169		0.0007893800000000001		2.6189760000000002e-05		2.411402e-05
0.54296		0.000798038		0.0007976779999999999		0.0007686969999999999		0.000755344		2.03435e-05		1.2891359999999999e-05
0.54795		0.000745772		0.0006723619999999999		0.000646146		0.0007678089999999999		1.855449e-05		1.452546e-05
0.55295		0.0006097769999999999		0.000638851		0.0006169210000000001		0.000706121		1.64482e-05		1.138874e-05
0.5579400000000001		0.000618491		0.000614263		0.000605616		0.0005912420000000001		1.3972850000000003e-05		1.71358e-05
0.5629400000000001		0.0005762300000000001		0.000588904		0.0005781419999999999		0.000572365		8.91049e-06		1.060433e-05
0.5679299999999999		0.0005175450000000001		0.000563988		0.0005406759999999999		0.000539629		4.13845e-06		8.030320000000001e-06
0.5729299999999999		0.00045864699999999996		0.00047484299999999997		0.0005239009999999999		0.00043580300000000007		1.151723e-05		1.3614969999999999e-05
0.57792		0.00046114699999999997		0.00046453400000000006		0.000390335		0.0003838880000000001		1.4004600000000001e-05		4.6408e-06
0.58292		0.000382635		0.00034939600000000003		0.000338213		0.000380302		6.6154499999999995e-06		5.41794e-06
0.5879099999999999		0.000358792		0.00036715399999999996		0.000317203		0.000312606		2.34425e-06		1.185387e-05
0.5929099999999999		0.00037341699999999997		0.00035556500000000007		0.000326062		0.000275699		9.6125e-06		1.47673e-05
0.5979		0.00032726700000000006		0.000264195		0.000252912		0.000259602		5.8333e-06		1.67841e-05
0.6029		0.00026569999999999995		0.00022837299999999998		0.00031164699999999997		0.00027457		7.404699999999999e-06		1.648982e-05
0.60789		0.000258856		0.000251865		0.00022239129999999997		0.000240374		1.8204e-06		5.3673e-06
0.6128899999999999		0.0001801102		0.0002173726		0.000219113		0.00021850900000000003		3.7409e-06		5.2949e-06
0.61788		0.00020617790000000002		0.000180151		0.00019380900000000003		0.0001517466		5.99595e-06		1.94384e-05
0.62288		0.00017658299999999999		0.000167421		0.0001762187		0.0001481164		1.9822000000000003e-06		0.0
0.62787		0.0001333381		0.000165		0.00012145190000000001		0.0001442149		6.63536e-06		4.15133e-06
0.63287		0.0001473533		0.0001483804		0.00010113210000000001		0.0001239343		1.05096e-05		1.8689e-06
0.63786		0.0001386419		0.00012015860000000001		0.00013096640000000002		0.0001212311		3.8166e-06		5.97824e-06
0.64286		8.688809999999999e-05		0.00012661790000000002		8.22791e-05		0.00011931640000000001		2.0536e-06		5.1739e-06
0.64785		8.367739999999999e-05		9.826470000000001e-05		8.169620000000001e-05		0.00010891		1.89378e-06		3.3053999999999997e-06
0.65285		7.0221e-05		9.83189e-05		9.389429999999999e-05		7.697209999999999e-05		5.834100000000001e-06		8.094799999999999e-06
0.65784		9.6808e-05		8.23167e-05		6.11516e-05		0.00010372059999999999		2.32626e-06		5.5095e-06
0.66284		6.811849999999998e-05		6.7192e-05		5.168519999999999e-05		5.6269779999999986e-05		0.0		3.4139e-06
0.66783		5.48981e-05		4.713210000000001e-05		5.7451099999999996e-05		6.955800000000001e-05		0.0		1.795e-06
0.67283		4.54373e-05		4.870409999999999e-05		3.96926e-05		5.539710000000001e-05		3.6080999999999994e-06		1.2144000000000001e-05
0.6778200000000001		3.7080900000000006e-05		5.0130500000000004e-05		4.262123e-05		3.7845e-05		0.0		0.0
0.6828200000000001		4.53766e-05		2.71841e-05		3.47293e-05		3.5002799999999996e-05		1.8658999999999998e-06		3.6408999999999997e-06
0.6878099999999999		3.536909999999999e-05		3.12134e-05		4.19423e-05		3.8709200000000005e-05		0.0		6.1472999999999996e-06
0.6928099999999999		2.1238100000000003e-05		2.8477580000000002e-05		2.33473e-05		1.9381399999999997e-05		6.4642e-06		5.5172e-06
0.6978		2.73746e-05		2.92658e-05		2.5941500000000002e-05		1.64515e-05		1.7795e-06		0.0
0.7028		2.01616e-05		2.1222099999999998e-05		2.5185399999999998e-05		9.2504e-06		0.0		3.7314000000000004e-06
0.7077899999999999		1.4574800000000001e-05		1.42898e-05		1.2497400000000003e-05		2.3233999999999998e-05		1.9319e-06		0.0
0.7127899999999999		2.06184e-05		2.3262000000000002e-05		2.6841400000000004e-05		8.598499999999999e-06		1.7566e-06		5.67942e-06
0.71778		1.84623e-05		5.268699999999999e-06		1.2671000000000001e-05		1.6794e-05		0.0		5.7811e-06
0.72278		1.7448999999999998e-06		7.1214e-06		9.1903e-06		9.002599999999999e-06		0.0		9.0282e-08
0.72777		3.7962e-06		9.0115e-06		1.08533e-05		1.0778100000000001e-05		1.7589e-06		1.7920000000000002e-06
0.73277		8.918000000000002e-06		3.8307e-06		6.9920999999999995e-06		8.7569e-06		0.0		1.878e-06
0.73776		6.908e-06		1.1303900000000002e-05		1.08682e-05		8.925e-06		0.0		0.0
0.74276		9.0999e-06		9.5138e-06		5.4246000000000005e-06		1.7074e-06		1.7983e-06		6.1559e-06
0.74775		3.7873999999999995e-06		5.423999999999999e-06		5.2234e-06		1.481591e-05		0.0		0.0
0.75275		3.4535999999999994e-06		7.4547e-06		7.3371e-06		5.775e-06		1.6874000000000001e-06		0.0
0.75774		5.1655e-06		1.7927e-06		1.9762599999999998e-06		7.6046e-06		0.0		0.0
0.76274		1.6351999999999998e-06		5.394200000000001e-06		5.2711e-06		1.7272e-06		0.0		0.0
0.76773		5.7108e-06		1.7098000000000001e-06		3.67561e-06		3.7138999999999997e-06		0.0		0.0
0.77273		3.7595999999999995e-06		0.0		1.6585e-06		1.6578e-06		3.4567999999999997e-06		0.0
0.7777200000000001		3.3630000000000002e-06		0.0		0.0		0.0		0.0		0.0
0.7827200000000001		2.0177e-06		0.0		9.1318e-08		0.0		0.0		0.0
0.78771		0.0		5.5792e-06		0.0		3.6853999999999995e-06		0.0		0.0
0.79271		3.6495999999999998e-06		5.3213e-06		0.0		1.7693000000000002e-06		0.0		1.6758000000000001e-06
0.7977000000000001		1.7213e-06		0.0		1.7842e-06		0.0		0.0		0.0
0.8027000000000001		1.97979e-06		3.5423000000000004e-06		0.0		3.6186999999999998e-06		0.0		0.0
0.80769		0.0		0.0		0.0		0.0		0.0		0.0
0.81269		0.0		1.6572999999999998e-06		0.0		3.3725999999999997e-06		0.0		0.0
0.81768		0.0		1.7289999999999999e-06		0.0		1.8389999999999999e-06		0.0		0.0
0.82268		0.0		0.0		0.0		1.6696999999999999e-06		0.0		0.0
0.8276699999999999		1.7303e-06		0.0		1.7491e-06		0.0		0.0		0.0
0.8326699999999999		0.0		0.0		0.0		0.0		0.0		0.0
0.83766		0.0		0.0		0.0		0.0		0.0		0.0
0.84266		0.0		0.0		0.0		0.0		0.0		0.0
0.84765		0.0		0.0		0.0		0.0		0.0		0.0
0.85265		0.0		0.0		0.0		0.0		0.0		0.0
0.85764		0.0		0.0		0.0		0.0		0.0		0.0
0.86264		0.0		0.0		0.0		0.0		0.0		0.0
0.86763		0.0		0.0		0.0		0.0		0.0		0.0
0.87263		0.0		0.0		0.0		0.0		0.0		0.0
0.87762		0.0		0.0		0.0		0.0		0.0		0.0
0.88262		0.0		0.0		0.0		0.0		0.0		0.0
0.88761		0.0		0.0		0.0		0.0		5.4302999999999995e-06		0.0
0.89261		0.0		0.0		0.0		0.0		0.0		0.0
0.8976000000000001		0.0		1.6616000000000001e-06		0.0		0.0		0.0		0.0
0.9026000000000001		0.0		0.0		0.0		0.0		0.0		0.0
0.90759		0.0		0.0		0.0		0.0		0.0		0.0
0.91259		0.0		0.0		0.0		0.0		0.0		0.0
0.9175800000000001		0.0		0.0		0.0		0.0		0.0		0.0
0.9225800000000001		0.0		0.0		0.0		0.0		0.0		0.0
0.92757		0.0		0.0		0.0		0.0		0.0		0.0
0.93257		0.0		0.0		0.0		0.0		0.0		0.0
0.93756		0.0		0.0		0.0		0.0		0.0		0.0
0.94256		0.0		0.0		0.0		0.0		0.0		0.0
0.94755		0.0		0.0		0.0		0.0		0.0		0.0
0.95255		0.0		0.0		0.0		0.0		0.0		0.0
0.95754		0.0		0.0		0.0		0.0		0.0		0.0
0.96254		0.0		0.0		0.0		0.0		0.0		0.0
0.96753		0.0		0.0		0.0		0.0		0.0		0.0
0.97253		0.0		0.0		0.0		0.0		0.0		0.0
0.97752		0.0		0.0		0.0		0.0		0.0		0.0
0.98252		0.0		0.0		0.0		0.0		0.0		0.0
0.98751		0.0		0.0		0.0		0.0		0.0		0.0
0.99251		0.0		0.0		0.0		0.0		0.0		0.0
0.9975		0.0		0.0		0.0		0.0		0.0		0.0
