1.0	7.320535e-39	2.977205e-39	7.02093e-39	2.89703e-39	0.0	0.0
1.04232	7.652934999999999e-39	3.11652e-39	7.350875e-39	3.03541e-39	0.0	0.0
1.08643	7.998120000000001e-39	3.2610900000000003e-39	7.69345e-39	3.17902e-39	0.0	0.0
1.1324	8.35669e-39	3.411175e-39	8.04921e-39	3.328095e-39	0.0	0.0
1.18032	8.729125e-39	3.56702e-39	8.418825e-39	3.482885e-39	0.0	0.0
1.23027	9.116154999999999e-39	3.728935e-39	8.80288e-39	3.6436749999999996e-39	0.0	0.0
1.28233	9.518319999999999e-39	3.897115e-39	9.202089999999999e-39	3.810735e-39	0.0	0.0
1.3366	9.936345000000001e-39	4.071995e-39	9.61699e-39	3.98437e-39	0.0	0.0
1.39316	1.0370949999999999e-38	4.253865e-39	1.0048334999999999e-38	4.164865e-39	0.0	0.0
1.45211	1.0822955e-38	4.4431550000000004e-39	1.0496815e-38	4.352565e-39	0.0	0.0
1.51356	1.129325e-38	4.6402250000000006e-39	1.096321e-38	4.547845e-39	0.0	0.0
1.57761	1.1782705e-38	4.845515e-39	1.1448365e-38	4.75111e-39	0.0	0.0
1.64437	1.22921e-38	5.0594350000000004e-39	1.1953175e-38	4.9628e-39	0.0	0.0
1.71396	1.282224e-38	5.282475e-39	1.2478525e-38	5.183365e-39	0.0	0.0
1.78649	1.3373870000000002e-38	5.5150600000000006e-39	1.302552e-38	5.41331e-39	0.0	0.0
1.86209	1.394808e-38	5.75767e-39	1.3595015e-38	5.65312e-39	0.0	0.0
1.94089	1.4545665e-38	6.01076e-39	1.4187735e-38	5.90326e-39	0.0	0.0
2.02302	1.5167615e-38	6.27482e-39	1.4804755e-38	6.164225e-39	0.0	0.0
2.10863	1.5815125e-38	6.55046e-39	1.5447024999999998e-38	6.43652e-39	0.0	0.0
2.19786	1.64891e-38	6.8381e-39	1.61156e-38	6.72067e-39	0.0	0.0
2.29087	1.71906e-38	7.138295e-39	1.68117e-38	7.01724e-39	0.0	0.0
2.38781	1.792095e-38	7.451635e-39	1.75364e-38	7.32679e-39	0.0	0.0
2.48886	1.868115e-38	7.778665e-39	1.8290899999999998e-38	7.64997e-39	0.0	0.0
2.59418	1.9472500000000002e-38	8.119925e-39	1.9076450000000002e-38	7.987275e-39	0.0	0.0
2.70396	2.029625e-38	8.476005e-39	1.9894300000000002e-38	8.33939e-39	0.0	0.0
2.81838	2.115355e-38	8.84747e-39	2.074575e-38	8.706934999999999e-39	0.0	0.0
2.93765	2.204595e-38	9.23512e-39	2.163245e-38	9.09061e-39	0.0	0.0
3.06196	2.2974849999999998e-38	9.639545000000001e-39	2.255555e-38	9.491005e-39	0.0	0.0
3.19154	2.394155e-38	1.006142e-38	2.3516500000000003e-38	9.908815e-39	0.0	0.0
3.3266	2.49478e-38	1.0501579999999999e-38	2.45168e-38	1.034481e-38	0.0	0.0
3.46737	2.5995e-38	1.0960805000000001e-38	2.55582e-38	1.0799800000000001e-38	0.0	0.0
3.6141	2.7085e-38	1.1439805e-38	2.664215e-38	1.1274575e-38	7.641141e-43	4.07700345e-43
3.76704	2.82194e-38	1.1939525e-38	2.77706e-38	1.1769955e-38	8.228965000000001e-42	4.5670905e-42
3.92645	2.939995e-38	1.2460649999999999e-38	2.89453e-38	1.228688e-38	3.225719e-41	1.81436e-41
4.09261	3.06285e-38	1.300416e-38	3.0168e-38	1.2826165e-38	8.309325e-41	4.7011455e-41
4.2658	3.1907000000000003e-38	1.3570895e-38	3.1440750000000003e-38	1.33888e-38	1.7002545e-40	9.653885e-41
4.44631	3.32374e-38	1.416189e-38	3.27655e-38	1.3975735e-38	3.007925e-40	1.712184e-40
4.63447	3.4621850000000004e-38	1.4778065e-38	3.41443e-38	1.4587885e-38	4.81524e-40	2.7463685e-40
4.83059	3.606245e-38	1.54205e-38	3.5579350000000003e-38	1.522638e-38	7.16922e-40	4.09554e-40
5.03501	3.75616e-38	1.609035e-38	3.7072799999999997e-38	1.58922e-38	1.010616e-39	5.78125e-40
5.24807	3.9121450000000003e-38	1.67887e-38	3.862705e-38	1.658655e-38	1.3654915e-39	7.819995e-40
5.47016	4.0744650000000004e-38	1.751675e-38	4.024475e-38	1.731075e-38	1.784083e-39	1.022697e-39
5.70164	4.24337e-38	1.8275799999999998e-38	4.192865e-38	1.8065900000000002e-38	2.2687545e-39	1.3015385e-39
5.94292	4.419105e-38	1.9067e-38	4.368105e-38	1.885335e-38	2.8220200000000002e-39	1.6199789999999998e-39
6.19441	4.602e-38	1.98918e-38	4.55047e-38	1.967445e-38	3.446685e-39	1.9796215e-39
6.45654	4.792285e-38	2.07516e-38	4.74026e-38	2.0530650000000002e-38	4.14588e-39	2.382375e-39
6.72977	4.990285e-38	2.1647750000000002e-38	4.937775e-38	2.14233e-38	4.914005e-39	2.82139e-39
7.01455	5.196305e-38	2.2581850000000002e-38	5.143315000000001e-38	2.2353950000000002e-38	5.734455e-39	3.27886e-39
7.31139	5.410675000000001e-38	2.35555e-38	5.357215e-38	2.3324200000000002e-38	6.60165e-39	3.7480150000000004e-39
7.62079	5.633715e-38	2.45703e-38	5.5798e-38	2.43357e-38	7.519755e-39	4.22982e-39
7.94328	5.86583e-38	2.562805e-38	5.81145e-38	2.539015e-38	8.49394e-39	4.728435e-39
8.27942	6.107355e-38	2.67307e-38	6.05256e-38	2.648955e-38	9.53165e-39	5.2485500000000007e-39
8.62979	6.35869e-38	2.788005e-38	6.303365e-38	2.76354e-38	1.063991e-38	5.79464e-39
8.99498	6.620235e-38	2.90782e-38	6.564435e-38	2.88301e-38	1.1825265e-38	6.370685e-39
9.37562	6.892415e-38	3.03272e-38	6.836134999999999e-38	3.00756e-38	1.30939e-38	6.980085e-39
9.77237	7.175650000000001e-38	3.16293e-38	7.1189e-38	3.13741e-38	1.44518e-38	7.62624e-39
10.1859	7.470400000000001e-38	3.298665e-38	7.41318e-38	3.2727900000000003e-38	1.590469e-38	8.311895e-39
10.617	7.77717e-38	3.440155e-38	7.71946e-38	3.41392e-38	1.7458399999999999e-38	9.039985000000001e-39
11.0662	8.09639e-38	3.5876550000000005e-38	8.038214999999999e-38	3.561065e-38	1.911865e-38	9.813295000000001e-39
11.5345	8.428629999999999e-38	3.7414149999999995e-38	8.36993e-38	3.714475e-38	2.089145e-38	1.0634665000000001e-38
12.0226	8.774385e-38	3.9017100000000005e-38	8.715159999999999e-38	3.874405e-38	2.278275e-38	1.150695e-38
12.5314	9.13417e-38	4.0688e-38	9.07454e-38	4.041155e-38	2.479865e-38	1.243292e-38
13.0617	9.508615e-38	4.242985e-38	9.44852e-38	4.2149700000000003e-38	2.694545e-38	1.3415594999999999e-38
13.6144	9.898365000000001e-38	4.4245749999999996e-38	9.83782e-38	4.396215e-38	2.922965e-38	1.4457880000000002e-38
14.1906	1.0303995e-37	4.61387e-38	1.0242945000000001e-37	4.585155e-38	3.16579e-38	1.556313e-38
14.7911	1.0726125e-37	4.8112e-38	1.0664675e-37	4.78213e-38	3.42372e-38	1.673431e-38
15.417	1.116549e-37	5.01692e-38	1.110358e-37	4.987495e-38	3.6974599999999996e-38	1.79749e-38
16.0694	1.1622735e-37	5.23137e-38	1.1560374999999998e-37	5.20158e-38	3.98775e-38	1.92883e-38
16.7494	1.209867e-37	5.45493e-38	1.203591e-37	5.42479e-38	4.29536e-38	2.06782e-38
17.4582	1.259401e-37	5.68799e-38	1.2530795e-37	5.657485e-38	4.62107e-38	2.214835e-38
18.197	1.310959e-37	5.93095e-38	1.3045915e-37	5.900085e-38	4.96575e-38	2.370265e-38
18.9671	1.3646229999999999e-37	6.18424e-38	1.3582055e-37	6.15301e-38	5.330185e-38	2.5345150000000003e-38
19.7697	1.4204755e-37	6.448285e-38	1.414017e-37	6.416695e-38	5.715275e-38	2.7080200000000003e-38
20.6063	1.4786124999999998e-37	6.72357e-38	1.472108e-37	6.6916e-38	6.122025e-38	2.891215e-38
21.4783	1.539125e-37	7.010559999999999e-38	1.532575e-37	6.97821e-38	6.55132e-38	3.084565e-38
22.3872	1.60212e-37	7.309745e-38	1.595515e-37	7.277015e-38	7.004165e-38	3.2885749999999997e-38
23.3346	1.66768e-37	7.621670000000001e-38	1.6610349999999999e-37	7.588545e-38	7.48159e-38	3.50373e-38
24.322	1.735935e-37	7.946874999999999e-38	1.7292350000000002e-37	7.913365e-38	7.98467e-38	3.730565e-38
25.3513	1.806975e-37	8.28589e-38	1.80023e-37	8.251795e-38	8.514594999999999e-38	3.9696249999999997e-38
26.4241	1.88093e-37	8.639375e-38	1.874135e-37	8.605074999999999e-38	9.072415e-38	4.22149e-38
27.5423	1.95791e-37	9.007909999999999e-38	1.951065e-37	8.973155e-38	9.65934e-38	4.486765e-38
28.7078	2.03805e-37	9.39215e-38	2.03115e-37	9.35699e-38	1.027674e-37	4.76607e-38
29.9226	2.12147e-37	9.79281e-38	2.114525e-37	9.757094999999999e-38	1.0925844999999999e-37	5.060065e-38
31.1889	2.208315e-37	1.0210455e-37	2.201315e-37	1.0174425e-37	1.1608e-37	5.369435e-38
32.5087	2.29872e-37	1.064598e-37	2.29166e-37	1.060948e-37	1.232465e-37	5.694889999999999e-38
33.8844	2.39283e-37	1.110008e-37	2.385725e-37	1.1063044999999999e-37	1.307721e-37	6.037175e-38
35.3183	2.490805e-37	1.157351e-37	2.483645e-37	1.153606e-37	1.3867415e-37	6.397055000000001e-38
36.8129	2.5928e-37	1.2067145e-37	2.585575e-37	1.2029225000000001e-37	1.4696525e-37	6.775349999999999e-38
38.3707	2.69898e-37	1.2585185e-37	2.69171e-37	1.254347e-37	1.5566395e-37	7.172905e-38
39.9945	2.80952e-37	1.311858e-37	2.802185e-37	1.3079675e-37	1.6478749999999998e-37	7.590610000000001e-38
41.6869	2.924605e-37	1.3678174999999998e-37	2.917205e-37	1.3638775e-37	1.743535e-37	8.029385e-38
43.451	3.04441e-37	1.42617e-37	3.036955e-37	1.422175e-37	1.8438050000000001e-37	8.490224999999999e-38
45.2898	3.169135e-37	1.4870100000000001e-37	3.161615e-37	1.4829650000000001e-37	1.948875e-37	8.974075e-38
47.2063	3.298985e-37	1.550455e-37	3.2914e-37	1.546355e-37	2.05896e-37	9.482e-38
49.204	3.4341650000000003e-37	1.6166150000000001e-37	3.4265299999999996e-37	1.61246e-37	2.174255e-37	1.0015115000000001e-37
51.2861	3.574905e-37	1.68559e-37	3.567205e-37	1.6813799999999999e-37	2.29499e-37	1.057452e-37
53.4564	3.72142e-37	1.75752e-37	3.7136650000000003e-37	1.7532599999999998e-37	2.42138e-37	1.1161455e-37
55.7186	3.873965e-37	1.83253e-37	3.866145e-37	1.828205e-37	2.553675e-37	1.177717e-37
58.0764	4.037835e-37	1.910745e-37	4.02489e-37	1.906365e-37	2.6921100000000003e-37	1.2422955000000001e-37
60.5341	4.20314e-37	1.9923e-37	4.19015e-37	1.98785e-37	2.836955e-37	1.310007e-37
63.0957	4.375255e-37	2.077685e-37	4.362225e-37	2.07285e-37	2.9884649999999996e-37	1.3810085e-37
65.7658	4.549445e-37	2.1660299999999997e-37	4.541375e-37	2.161465e-37	3.1469149999999997e-37	1.4554364999999998e-37
68.5488	4.74098e-37	2.258855e-37	4.72785e-37	2.25388e-37	3.3125999999999997e-37	1.5334400000000001e-37
71.4496	4.930255e-37	2.35529e-37	4.92203e-37	2.3502550000000002e-37	3.48582e-37	1.61519e-37
74.4732	5.132475e-37	2.45585e-37	5.12418e-37	2.450755e-37	3.66689e-37	1.700845e-37
77.6247	5.34792e-37	2.560385e-37	5.334635e-37	2.55555e-37	3.85613e-37	1.79058e-37
80.9096	5.569035e-37	2.67008e-37	5.5537400000000004e-37	2.66484e-37	4.053875e-37	1.88458e-37
84.3335	5.795245e-37	2.784075e-37	5.7818449999999995e-37	2.7788e-37	4.260475e-37	1.98303e-37
87.9023	6.03279e-37	2.9030349999999996e-37	6.01933e-37	2.897645e-37	4.476315e-37	2.08613e-37
91.622	6.280105e-37	3.027045e-37	6.266574999999999e-37	3.02158e-37	4.701755e-37	2.194085e-37
95.4993	6.537555e-37	3.1563649999999998e-37	6.52397e-37	3.1508200000000004e-37	4.9372e-37	2.307105e-37
99.5405	6.805585e-37	3.2912249999999998e-37	6.79193e-37	3.28558e-37	5.18306e-37	2.42542e-37
103.753	7.0865400000000005e-37	3.432145e-37	7.070904999999999e-37	3.4261249999999997e-37	5.43977e-37	2.549255e-37
108.143	7.37703e-37	3.5788e-37	7.36133e-37	3.5726650000000004e-37	5.70776e-37	2.67887e-37
112.72	7.679455e-37	3.7314299999999997e-37	7.663655e-37	3.725545e-37	5.987505e-37	2.8145e-37
117.49	7.99424e-37	3.89119e-37	7.978405e-37	3.8849050000000006e-37	6.2794900000000005e-37	2.9564100000000003e-37
122.462	8.322015e-37	4.057495e-37	8.306159999999999e-37	4.05114e-37	6.5842e-37	3.1048849999999998e-37
127.644	8.663170000000001e-37	4.2309200000000005e-37	8.647205000000001e-37	4.224455e-37	6.902175e-37	3.260205e-37
133.045	9.01834e-37	4.41175e-37	9.002335e-37	4.405195e-37	7.23395e-37	3.4226700000000002e-37
138.676	9.388095e-37	4.6003199999999995e-37	9.372e-37	4.593675e-37	7.580095e-37	3.5926e-37
144.544	9.77295e-37	4.79696e-37	9.75675e-37	4.790165e-37	7.941155e-37	3.770305e-37
150.661	1.0173575e-36	5.00201e-37	1.0157335e-36	4.9951e-37	8.317815e-37	3.9561350000000005e-37
157.036	1.05906e-36	5.21583e-37	1.0574275e-36	5.208905e-37	8.710669999999999e-37	4.15044e-37
163.682	1.1024735e-36	5.4388150000000005e-37	1.1008304999999999e-36	5.431815e-37	9.12034e-37	4.3535900000000004e-37
170.608	1.147661e-36	5.67131e-37	1.146008e-36	5.664145e-37	9.547625e-37	4.56596e-37
177.828	1.1946950000000001e-36	5.913755e-37	1.1930325e-36	5.90649e-37	9.993065000000001e-37	4.7879700000000004e-37
185.353	1.243648e-36	6.166549999999999e-37	1.2419845e-36	6.159159999999999e-37	1.04575e-36	5.020015e-37
193.197	1.2946015e-36	6.430155e-37	1.2929219999999999e-36	6.422635e-37	1.0941715e-36	5.262529999999999e-37
201.372	1.3476364999999999e-36	6.70502e-37	1.3459464999999998e-36	6.6973749999999995e-37	1.1446515e-36	5.515985e-37
209.894	1.402828e-36	6.99161e-37	1.401131e-36	6.983849999999999e-37	1.1972635e-36	5.780845e-37
218.776	1.460275e-36	7.29044e-37	1.45856e-36	7.2825399999999995e-37	1.2521009999999998e-36	6.0575949999999996e-37
228.034	1.520065e-36	7.602045e-37	1.5183449999999998e-36	7.59404e-37	1.309256e-36	6.346739999999999e-37
237.684	1.5822800000000002e-36	7.926915e-37	1.58054e-36	7.91875e-37	1.368812e-36	6.6488400000000004e-37
247.742	1.647025e-36	8.26566e-37	1.6452949999999998e-36	8.25737e-37	1.4308720000000001e-36	6.964425e-37
258.226	1.7144e-36	8.618825e-37	1.712655e-36	8.610405e-37	1.495535e-36	7.294085e-37
269.153	1.7845200000000002e-36	8.987035e-37	1.78276e-36	8.978505e-37	1.562905e-36	7.63843e-37
280.543	1.857475e-36	9.37092e-37	1.8557e-36	9.362215e-37	1.63309e-36	7.99805e-37
292.415	1.933385e-36	9.771185e-37	1.931595e-36	9.762275e-37	1.706205e-36	8.373664999999999e-37
304.789	2.0124099999999998e-36	1.0188415000000001e-36	2.010585e-36	1.0179365e-36	1.782355e-36	8.765885e-37
317.687	2.094555e-36	1.062345e-36	2.0927599999999998e-36	1.06144e-36	1.8616699999999998e-36	9.17546e-37
331.131	2.180055e-36	1.107695e-36	2.17825e-36	1.1067780000000001e-36	1.9442749999999998e-36	9.603135000000001e-37
345.144	2.2689999999999998e-36	1.1549725e-36	2.2671749999999997e-36	1.154038e-36	2.0303e-36	1.0049630000000001e-36
359.749	2.361535e-36	1.204262e-36	2.35969e-36	1.203303e-36	2.11987e-36	1.0515765e-36
374.973	2.457795e-36	1.255631e-36	2.4559400000000002e-36	1.2546635e-36	2.21313e-36	1.100245e-36
390.841	2.557915e-36	1.309185e-36	2.556045e-36	1.3082e-36	2.31022e-36	1.1510405e-36
407.38	2.66206e-36	1.365005e-36	2.66017e-36	1.364e-36	2.4113e-36	1.2040645e-36
424.62	2.77038e-36	1.423195e-36	2.768475e-36	1.42217e-36	2.51652e-36	1.2594055e-36
442.588	2.8830299999999998e-36	1.4838449999999999e-36	2.881105e-36	1.482795e-36	2.62603e-36	1.3171615e-36
461.318	3.000185e-36	1.54705e-36	2.998255e-36	1.54599e-36	2.7400099999999997e-36	1.377435e-36
480.839	3.12201e-36	1.61293e-36	3.120065e-36	1.6118550000000003e-36	2.8586249999999996e-36	1.44033e-36
501.187	3.248695e-36	1.68159e-36	3.24674e-36	1.680495e-36	2.982045e-36	1.50596e-36
522.396	3.3804000000000004e-36	1.753145e-36	3.378445e-36	1.75203e-36	3.11047e-36	1.574435e-36
544.503	3.5173449999999995e-36	1.82771e-36	3.51536e-36	1.8265750000000002e-36	3.24407e-36	1.64587e-36
567.545	3.659705e-36	1.90542e-36	3.6577e-36	1.90426e-36	3.383065e-36	1.720395e-36
591.562	3.807695e-36	1.98638e-36	3.80568e-36	1.985205e-36	3.52765e-36	1.798135e-36
616.595	3.9615200000000004e-36	2.0707550000000003e-36	3.9595e-36	2.0695599999999997e-36	3.67801e-36	1.87922e-36
642.688	4.121395e-36	2.15866e-36	4.11937e-36	2.15746e-36	3.8343899999999996e-36	1.96379e-36
669.885	4.28755e-36	2.250245e-36	4.285505e-36	2.24902e-36	3.997005e-36	2.051995e-36
698.232	4.4602199999999995e-36	2.345655e-36	4.4581600000000004e-36	2.34442e-36	4.166085e-36	2.14397e-36
727.78	4.639635e-36	2.445075e-36	4.637545e-36	2.4438e-36	4.341875e-36	2.239875e-36
758.578	4.826045e-36	2.548625e-36	4.8239250000000005e-36	2.54733e-36	4.524605e-36	2.339875e-36
790.679	5.019705e-36	2.656495e-36	5.01805e-36	2.65518e-36	4.71454e-36	2.444135e-36
824.138	5.22087e-36	2.7688500000000002e-36	5.21871e-36	2.76751e-36	4.91194e-36	2.5528250000000003e-36
859.014	5.42982e-36	2.88587e-36	5.427635e-36	2.8845049999999998e-36	5.1170649999999997e-36	2.66613e-36
895.365	5.64683e-36	3.0077450000000002e-36	5.64462e-36	3.00636e-36	5.330199999999999e-36	2.784225e-36
933.254	5.8721750000000006e-36	3.134665e-36	5.8699599999999996e-36	3.133265e-36	5.5516449999999996e-36	2.90731e-36
972.747	6.106165e-36	3.266845e-36	6.10394e-36	3.265415e-36	5.7816650000000004e-36	3.03558e-36
1013.91	6.349085e-36	3.4044749999999995e-36	6.34685e-36	3.403015e-36	6.02058e-36	3.169245e-36
1056.82	6.60126e-36	3.547765e-36	6.59902e-36	3.546295e-36	6.268695e-36	3.30852e-36
1101.54	6.86302e-36	3.6969600000000004e-36	6.86074e-36	3.695455e-36	6.52634e-36	3.45363e-36
1148.15	7.13468e-36	3.852275e-36	7.13236e-36	3.85074e-36	6.793825e-36	3.604795e-36
1196.74	7.41656e-36	4.013955e-36	7.41421e-36	4.012395e-36	7.0715e-36	3.76226e-36
1247.38	7.709045e-36	4.1822399999999997e-36	7.706715e-36	4.180655e-36	7.35969e-36	3.9262700000000006e-36
1300.17	8.01246e-36	4.3573999999999996e-36	8.010105e-36	4.355805e-36	7.65879e-36	4.097085e-36
1355.19	8.32716e-36	4.539695e-36	8.32484e-36	4.53781e-36	7.969115e-36	4.274965e-36
1412.54	8.653595e-36	4.729375e-36	8.65121e-36	4.72774e-36	8.29111e-36	4.46018e-36
1472.31	8.99207e-36	4.92676e-36	8.989625e-36	4.9250849999999994e-36	8.625065e-36	4.65302e-36
1534.62	9.34296e-36	5.1321199999999996e-36	9.340540000000001e-36	5.13042e-36	8.971405e-36	4.8537749999999996e-36
1599.56	9.706695e-36	5.34575e-36	9.704275e-36	5.344035e-36	9.330569999999999e-36	5.062735e-36
1667.25	1.008373e-35	5.5679949999999996e-36	1.0081244999999999e-35	5.56624e-36	9.702945e-36	5.2802250000000004e-36
1737.8	1.047443e-35	5.799155000000001e-36	1.047193e-35	5.79737e-36	1.0088905e-35	5.5065600000000004e-36
1811.34	1.0879320000000001e-35	6.03956e-36	1.0876710000000001e-35	6.037750000000001e-36	1.0488974999999999e-35	5.74208e-36
1887.99	1.1298605e-35	6.289565e-36	1.1296080000000001e-35	6.287729999999999e-36	1.0903495000000001e-35	5.987115e-36
1967.89	1.1732989999999999e-35	6.549515e-36	1.173041e-35	6.547255e-36	1.1332945e-35	6.24203e-36
2051.16	1.2182795e-35	6.819784999999999e-36	1.2180735e-35	6.817895e-36	1.1777775000000001e-35	6.507185e-36
2137.96	1.2648505e-35	7.10074e-36	1.2645895e-35	7.098815e-36	1.223843e-35	6.78296e-36
2228.44	1.313058e-35	7.392785e-36	1.3128485e-35	7.390445e-36	1.2715475e-35	7.06974e-36
2322.74	1.362953e-35	7.69629e-36	1.362684e-35	7.694315e-36	1.320926e-35	7.367925e-36
2421.03	1.4145799999999999e-35	8.011705e-36	1.4143100000000002e-35	8.009699999999999e-36	1.3720385e-35	7.67793e-36
2523.48	1.468e-35	8.339430000000001e-36	1.4677299999999999e-35	8.33778e-36	1.42493e-35	8.00017e-36
2630.27	1.5232499999999999e-35	8.679915e-36	1.52298e-35	8.67787e-36	1.47964e-35	8.335085000000001e-36
2741.57	1.5803850000000001e-35	9.033585e-36	1.580115e-35	9.03152e-36	1.53624e-35	8.683129999999999e-36
2857.59	1.639465e-35	9.40094e-36	1.6391900000000001e-35	9.398865e-36	1.59477e-35	9.044765e-36
2978.52	1.70053e-35	9.78244e-36	1.7002550000000002e-35	9.780305e-36	1.655285e-35	9.420454999999999e-36
3104.56	1.763645e-35	1.0178555e-35	1.76336e-35	1.0176395000000001e-35	1.7178349999999998e-35	9.810665e-36
3235.94	1.828855e-35	1.0589805e-35	1.828575e-35	1.058758e-35	1.7824849999999998e-35	1.0215975e-35
3372.87	1.89622e-35	1.101672e-35	1.89594e-35	1.101448e-35	1.849275e-35	1.063681e-35
3515.6	1.965805e-35	1.145978e-35	1.9655100000000002e-35	1.1457475e-35	1.9182699999999998e-35	1.107374e-35
3664.38	2.037645e-35	1.1919535e-35	2.0373499999999999e-35	1.19172e-35	1.9895250000000001e-35	1.1527314999999999e-35
3819.44	2.11181e-35	1.2396600000000002e-35	2.1116499999999997e-35	1.239425e-35	2.063095e-35	1.1998065000000001e-35
3981.07	2.18836e-35	1.289145e-35	2.1881400000000002e-35	1.28895e-35	2.13904e-35	1.248655e-35
4149.54	2.2673399999999999e-35	1.340475e-35	2.267105e-35	1.34028e-35	2.21742e-35	1.2993399999999998e-35
4325.14	2.3488249999999998e-35	1.39371e-35	2.3485900000000002e-35	1.393555e-35	2.298285e-35	1.3519200000000002e-35
4508.17	2.432855e-35	1.448905e-35	2.432565e-35	1.448705e-35	2.3817000000000002e-35	1.406455e-35
4698.94	2.519515e-35	1.506125e-35	2.5192100000000003e-35	1.50588e-35	2.46772e-35	1.462995e-35
4897.79	2.60885e-35	1.56544e-35	2.60861e-35	1.5651850000000002e-35	2.556415e-35	1.52163e-35
5105.05	2.7009150000000003e-35	1.6269e-35	2.7006150000000003e-35	1.626645e-35	2.6478350000000004e-35	1.582405e-35
5321.08	2.7957800000000003e-35	1.69059e-35	2.7954699999999997e-35	1.69033e-35	2.74204e-35	1.6453950000000002e-35
5546.26	2.893505e-35	1.756565e-35	2.89319e-35	1.756305e-35	2.839105e-35	1.7106599999999998e-35
5780.96	2.994145e-35	1.824905e-35	2.993945e-35	1.8246249999999998e-35	2.93907e-35	1.77828e-35
6025.6	3.0977649999999997e-35	1.89567e-35	3.0974499999999996e-35	1.895405e-35	3.04202e-35	1.8483200000000001e-35
6280.58	3.20443e-35	1.96894e-35	3.204115e-35	1.968655e-35	3.1479949999999997e-35	1.920855e-35
6546.36	3.3142e-35	2.04479e-35	3.31388e-35	2.0445199999999998e-35	3.25708e-35	1.995955e-35
6823.39	3.42714e-35	2.123285e-35	3.426815e-35	2.1230100000000002e-35	3.3693150000000005e-35	2.073705e-35
7112.14	3.543315e-35	2.2045199999999998e-35	3.5429850000000004e-35	2.204235e-35	3.4847800000000003e-35	2.1541699999999999e-35
7413.1	3.66278e-35	2.288555e-35	3.66245e-35	2.288265e-35	3.603525e-35	2.237435e-35
7726.81	3.785615e-35	2.37548e-35	3.78528e-35	2.3751900000000001e-35	3.725625e-35	2.3235750000000003e-35
8053.78	3.9118550000000003e-35	2.46537e-35	3.911605e-35	2.46508e-35	3.851135e-35	2.4126700000000003e-35
8394.6	4.041595e-35	2.55831e-35	4.0413300000000004e-35	2.55802e-35	3.98013e-35	2.50481e-35
8749.84	4.17488e-35	2.654385e-35	4.174545e-35	2.65409e-35	4.11267e-35	2.6000749999999996e-35
9120.11	4.3117949999999996e-35	2.7536849999999996e-35	4.3114450000000003e-35	2.753375e-35	4.2488049999999997e-35	2.69854e-35
9506.05	4.45237e-35	2.85628e-35	4.452025e-35	2.855975e-35	4.3886150000000003e-35	2.800305e-35
9908.32	4.5967e-35	2.962265e-35	4.5963550000000004e-35	2.961945e-35	4.53217e-35	2.905455e-35
10327.6	4.7448399999999997e-35	3.0717400000000003e-35	4.74449e-35	3.07141e-35	4.679525e-35	3.0140749999999996e-35
10764.7	4.896865e-35	3.184785e-35	4.896585e-35	3.184455e-35	4.830745e-35	3.12626e-35
11220.2	5.052835000000001e-35	3.3014849999999997e-35	5.05247e-35	3.3011699999999996e-35	4.985895e-35	3.2420850000000004e-35
11695.0	5.2128e-35	3.4219499999999997e-35	5.212514999999999e-35	3.421615e-35	5.14505e-35	3.361665e-35
12189.9	5.37686e-35	3.54626e-35	5.376625e-35	3.545925e-35	5.308275000000001e-35	3.4850850000000004e-35
12705.7	5.54505e-35	3.674515e-35	5.54475e-35	3.67423e-35	5.475635e-35	3.61243e-35
13243.4	5.717450000000001e-35	3.806815e-35	5.717159999999999e-35	3.806465e-35	5.647185e-35	3.74381e-35
13803.8	5.894129999999999e-35	3.94325e-35	5.89382e-35	3.9429e-35	5.823010000000001e-35	3.8793200000000003e-35
14388.0	6.075160000000001e-35	4.08392e-35	6.074934999999999e-35	4.08357e-35	6.00318e-35	4.0190549999999997e-35
14996.8	6.26059e-35	4.22893e-35	6.26032e-35	4.22858e-35	6.18774e-35	4.16311e-35
15631.5	6.450535e-35	4.378375e-35	6.450145e-35	4.3780100000000006e-35	6.376785e-35	4.311605e-35
16293.0	6.645035e-35	4.532365e-35	6.64463e-35	4.5320649999999997e-35	6.57037e-35	4.464615e-35
16982.4	6.844139999999999e-35	4.690975e-35	6.843749999999999e-35	4.690625e-35	6.76858e-35	4.62226e-35
17701.1	7.04797e-35	4.854355e-35	7.047565000000001e-35	4.854055e-35	6.971469999999999e-35	4.784645e-35
18450.2	7.256549999999999e-35	5.022585e-35	7.256215e-35	5.022275e-35	7.179125e-35	4.95187e-35
19230.9	7.46997e-35	5.195765e-35	7.469635e-35	5.195455e-35	7.391615e-35	5.124029999999999e-35
20044.7	7.688305e-35	5.37402e-35	7.687994999999999e-35	5.3738e-35	7.609005e-35	5.301255e-35
20893.0	7.911640000000001e-35	5.55743e-35	7.911305e-35	5.557125e-35	7.831385e-35	5.483645e-35
21777.1	8.14006e-35	5.746145e-35	8.139645e-35	5.745865e-35	8.058815e-35	5.671305e-35
22698.6	8.373655e-35	5.94026e-35	8.37328e-35	5.93992e-35	8.291375e-35	5.864345e-35
23659.2	8.612395e-35	6.13988e-35	8.611929999999999e-35	6.13953e-35	8.52914e-35	6.06288e-35
24660.4	8.85647e-35	6.3451e-35	8.856089999999999e-35	6.344759999999999e-35	8.772195e-35	6.267015e-35
25704.0	9.10592e-35	6.55607e-35	9.105670000000001e-35	6.555655e-35	9.020659999999999e-35	6.47688e-35
26791.7	9.360869999999999e-35	6.772855000000001e-35	9.36049e-35	6.772455e-35	9.274529999999999e-35	6.692575000000001e-35
27925.4	9.621325e-35	6.99563e-35	9.620985e-35	6.99538e-35	9.533959999999999e-35	6.91422e-35
29107.2	9.88744e-35	7.22447e-35	9.88713e-35	7.224055000000001e-35	9.79903e-35	7.14193e-35
30338.9	1.015926e-34	7.459515000000001e-35	1.0158965e-34	7.45912e-35	1.006977e-34	7.375815e-35
31622.8	1.0436889999999998e-34	7.70087e-35	1.0436515e-34	7.700520000000001e-35	1.034631e-34	7.61601e-35
32961.0	1.072042e-34	7.948664999999999e-35	1.0720089999999999e-34	7.94839e-35	1.0628735e-34	7.86262e-35
34355.8	1.100991e-34	8.203e-35	1.100963e-34	8.20265e-35	1.09171e-34	8.115775e-35
35809.6	1.1305514999999999e-34	8.46401e-35	1.1305135e-34	8.46367e-35	1.1211575e-34	8.375595e-35
37325.0	1.1607224999999999e-34	8.731835e-35	1.1606964999999998e-34	8.731465e-35	1.1512155e-34	8.642195e-35
38904.5	1.1915259999999999e-34	9.006595e-35	1.191494e-34	9.00627e-35	1.1819045e-34	8.91572e-35
40550.9	1.2229649999999999e-34	9.288345000000001e-35	1.222925e-34	9.287964999999999e-35	1.213225e-34	9.196245e-35
42266.9	1.2550500000000002e-34	9.577335e-35	1.25501e-34	9.576855e-35	1.24519e-34	9.483949999999999e-35
44055.5	1.28779e-34	9.87358e-35	1.2877499999999998e-34	9.87319e-35	1.2778100000000001e-34	9.778905e-35
45919.8	1.3212e-34	1.017725e-34	1.32116e-34	1.0176765e-34	1.3111e-34	1.0081330000000001e-34
47863.0	1.355285e-34	1.0488465e-34	1.355245e-34	1.0488075e-34	1.34506e-34	1.039129e-34
49888.4	1.39006e-34	1.080739e-34	1.390015e-34	1.0807e-34	1.379715e-34	1.0708855e-34
51999.6	1.425535e-34	1.1134150000000002e-34	1.425505e-34	1.113381e-34	1.4150650000000002e-34	1.1034305e-34
54200.1	1.46171e-34	1.14688e-34	1.46168e-34	1.1468500000000002e-34	1.4511200000000001e-34	1.1367644999999999e-34
56493.7	1.498625e-34	1.18116e-34	1.498595e-34	1.18113e-34	1.4879000000000001e-34	1.1709049999999998e-34
58884.4	1.5362649999999999e-34	1.21626e-34	1.536235e-34	1.21622e-34	1.52541e-34	1.2058699999999998e-34
61376.2	1.57465e-34	1.252195e-34	1.57462e-34	1.252155e-34	1.5636700000000001e-34	1.241665e-34
63973.5	1.6138e-34	1.28898e-34	1.61377e-34	1.28894e-34	1.60268e-34	1.27831e-34
66680.7	1.6537150000000002e-34	1.32663e-34	1.6536850000000001e-34	1.3265999999999999e-34	1.6424600000000001e-34	1.315815e-34
69502.4	1.694415e-34	1.36515e-34	1.694385e-34	1.36512e-34	1.68303e-34	1.3541949999999999e-34
72443.6	1.73591e-34	1.40457e-34	1.735875e-34	1.404515e-34	1.7243849999999998e-34	1.3934699999999999e-34
75509.2	1.77822e-34	1.4448899999999999e-34	1.7781749999999999e-34	1.444835e-34	1.766545e-34	1.4336450000000001e-34
78704.6	1.82135e-34	1.4861300000000002e-34	1.8213000000000002e-34	1.48609e-34	1.809545e-34	1.474745e-34
82035.2	1.865315e-34	1.528315e-34	1.865285e-34	1.528275e-34	1.8533600000000002e-34	1.516775e-34
85506.7	1.9101349999999999e-34	1.571445e-34	1.910105e-34	1.571405e-34	1.89804e-34	1.5597499999999999e-34
89125.1	1.955825e-34	1.6155349999999998e-34	1.955785e-34	1.615495e-34	1.9435750000000002e-34	1.60369e-34
92896.6	2.002385e-34	1.66061e-34	2.00234e-34	1.6605600000000002e-34	1.99e-34	1.64861e-34
96827.8	2.04985e-34	1.706675e-34	2.049805e-34	1.706635e-34	2.03731e-34	1.694525e-34
100925.0	2.098225e-34	1.75376e-34	2.098175e-34	1.7537200000000001e-34	2.08553e-34	1.74145e-34
105196.0	2.14752e-34	1.801865e-34	2.147485e-34	1.80183e-34	2.13468e-34	1.789395e-34
109648.0	2.197765e-34	1.851015e-34	2.197725e-34	1.850985e-34	2.184765e-34	1.838385e-34
114288.0	2.2489649999999998e-34	1.90123e-34	2.2489100000000003e-34	1.9011849999999999e-34	2.235805e-34	1.888425e-34
119124.0	2.30114e-34	1.95251e-34	2.3011000000000004e-34	1.95246e-34	2.2878249999999997e-34	1.93955e-34
124165.0	2.3543e-34	2.004885e-34	2.35427e-34	2.0048450000000002e-34	2.3408349999999997e-34	1.9917650000000003e-34
129420.0	2.4084799999999996e-34	2.05837e-34	2.40843e-34	2.0583100000000003e-34	2.394845e-34	2.04508e-34
134896.0	2.463685e-34	2.11298e-34	2.46363e-34	2.11293e-34	2.44989e-34	2.09952e-34
140605.0	2.51993e-34	2.168735e-34	2.51989e-34	2.168685e-34	2.50597e-34	2.155105e-34
146555.0	2.57724e-34	2.2256499999999998e-34	2.5772050000000002e-34	2.2255950000000003e-34	2.56311e-34	2.211845e-34
152757.0	2.635635e-34	2.2837449999999997e-34	2.635595e-34	2.2837050000000002e-34	2.621335e-34	2.26976e-34
159221.0	2.69512e-34	2.34303e-34	2.69508e-34	2.34299e-34	2.680655e-34	2.32887e-34
165959.0	2.7557299999999998e-34	2.40353e-34	2.7556849999999997e-34	2.40349e-34	2.7410849999999996e-34	2.38919e-34
172982.0	2.817475e-34	2.465265e-34	2.817435e-34	2.465225e-34	2.8026549999999997e-34	2.450745e-34
180302.0	2.88038e-34	2.52825e-34	2.8803399999999997e-34	2.5281950000000003e-34	2.865385e-34	2.51355e-34
187932.0	2.9444650000000003e-34	2.592505e-34	2.944425e-34	2.5924649999999997e-34	2.92929e-34	2.57762e-34
195884.0	3.009745e-34	2.658045e-34	3.0097e-34	2.6580049999999998e-34	2.9943850000000004e-34	2.642975e-34
204174.0	3.07624e-34	2.724895e-34	3.076195e-34	2.724855e-34	3.0607e-34	2.70964e-34
212814.0	3.143975e-34	2.793085e-34	3.143935e-34	2.7930449999999997e-34	3.128255e-34	2.777635e-34
221820.0	3.21298e-34	2.86261e-34	3.21294e-34	2.86257e-34	3.197065e-34	2.84697e-34
231206.0	3.2832599999999998e-34	2.9335100000000003e-34	3.2832149999999997e-34	2.9334599999999997e-34	3.26716e-34	2.9176750000000002e-34
240991.0	3.3548500000000002e-34	3.005795e-34	3.354805e-34	3.00575e-34	3.33856e-34	2.989765e-34
251189.0	3.427765e-34	3.079495e-34	3.42772e-34	3.079445e-34	3.411275e-34	3.06326e-34
261818.0	3.502025e-34	3.15462e-34	3.501985e-34	3.154575e-34	3.4853450000000003e-34	3.13819e-34
272898.0	3.577665e-34	3.231205e-34	3.577625e-34	3.231155e-34	3.56079e-34	3.21457e-34
284446.0	3.654705e-34	3.3092649999999997e-34	3.65466e-34	3.30922e-34	3.6376199999999998e-34	3.29242e-34
296483.0	3.73316e-34	3.38882e-34	3.7331249999999995e-34	3.38877e-34	3.715875e-34	3.371765e-34
309030.0	3.81306e-34	3.469885e-34	3.81302e-34	3.469845e-34	3.7955749999999996e-34	3.4526299999999998e-34
322107.0	3.894435e-34	3.5525e-34	3.89439e-34	3.552455e-34	3.87674e-34	3.5350350000000002e-34
335738.0	3.9773e-34	3.6366850000000002e-34	3.97726e-34	3.6366350000000004e-34	3.95939e-34	3.619e-34
349945.0	4.061685e-34	3.72245e-34	4.061645e-34	3.7224050000000002e-34	4.043570000000001e-34	3.70456e-34
364754.0	4.147615e-34	3.8098349999999996e-34	4.147575e-34	3.809785e-34	4.129285e-34	3.791725e-34
380189.0	4.23512e-34	3.898855e-34	4.235075e-34	3.898805e-34	4.216575e-34	3.880525e-34
396278.0	4.324225e-34	3.98954e-34	4.32418e-34	3.98949e-34	4.3054600000000005e-34	3.970985e-34
413048.0	4.41495e-34	4.081905e-34	4.4148999999999995e-34	4.08186e-34	4.395965e-34	4.063125e-34
430527.0	4.50733e-34	4.17599e-34	4.50728e-34	4.1759399999999995e-34	4.488115e-34	4.1569800000000005e-34
448745.0	4.601395e-34	4.271815e-34	4.601345e-34	4.271765e-34	4.5819499999999996e-34	4.25257e-34
467735.0	4.697155e-34	4.369395e-34	4.69711e-34	4.3693499999999995e-34	4.67749e-34	4.349925e-34
487528.0	4.794655e-34	4.4687599999999995e-34	4.794605e-34	4.4687149999999994e-34	4.774755e-34	4.449065e-34
508159.0	4.893915e-34	4.56995e-34	4.893869999999999e-34	4.569905e-34	4.873785e-34	4.550015e-34
529663.0	4.9949900000000005e-34	4.6730000000000005e-34	4.99494e-34	4.67295e-34	4.97462e-34	4.652815e-34
552077.0	5.09787e-34	4.7779e-34	5.097819999999999e-34	4.77785e-34	5.077269999999999e-34	4.7574849999999995e-34
575440.0	5.20261e-34	4.884715000000001e-34	5.20256e-34	4.8846599999999995e-34	5.181765e-34	4.864045e-34
599791.0	5.309235e-34	4.993455000000001e-34	5.309185e-34	4.993405e-34	5.288145e-34	4.97254e-34
625173.0	5.4177650000000005e-34	5.10414e-34	5.41771e-34	5.104085000000001e-34	5.396434999999999e-34	5.08298e-34
651628.0	5.528250000000001e-34	5.2168300000000005e-34	5.528194999999999e-34	5.216775e-34	5.506665e-34	5.19541e-34
679204.0	5.640715e-34	5.331525e-34	5.640665e-34	5.3314749999999996e-34	5.61888e-34	5.309865e-34
707946.0	5.755179999999999e-34	5.448275e-34	5.755125e-34	5.44822e-34	5.73309e-34	5.42635e-34
737904.0	5.8716900000000004e-34	5.5671e-34	5.871635e-34	5.56705e-34	5.849355e-34	5.54492e-34
769130.0	5.990275e-34	5.6880299999999995e-34	5.99022e-34	5.6879800000000006e-34	5.96768e-34	5.66559e-34
801678.0	6.110965e-34	5.811105e-34	6.110915e-34	5.811049999999999e-34	6.0881e-34	5.78839e-34
835603.0	6.23381e-34	5.936355e-34	6.233755e-34	5.9363e-34	6.21068e-34	5.913375e-34
870964.0	6.358815e-34	6.063800000000001e-34	6.35876e-34	6.063745e-34	6.335425e-34	6.04056e-34
907821.0	6.486035e-34	6.19349e-34	6.485985e-34	6.1934349999999995e-34	6.46238e-34	6.169975e-34
946237.0	6.6155e-34	6.325455000000001e-34	6.615445e-34	6.3254e-34	6.59157e-34	6.30166e-34
986279.0	6.747255e-34	6.45972e-34	6.7471999999999995e-34	6.45967e-34	6.72304e-34	6.435645e-34
1028020.0	6.88131e-34	6.5963e-34	6.8812499999999995e-34	6.59625e-34	6.856824999999999e-34	6.571970000000001e-34
1071520.0	7.017735e-34	6.735305e-34	7.0176799999999995e-34	6.73525e-34	6.992965e-34	6.710665e-34
1116860.0	7.15654e-34	6.8766900000000005e-34	7.156475e-34	6.876625e-34	7.131489999999999e-34	6.851765000000001e-34
1164130.0	7.29778e-34	7.020530000000001e-34	7.297724999999999e-34	7.020470000000001e-34	7.27243e-34	6.9953050000000005e-34
1213390.0	7.441465e-34	7.1668399999999995e-34	7.441405e-34	7.1667750000000005e-34	7.41585e-34	7.14133e-34
1264740.0	7.58768e-34	7.315670000000001e-34	7.58762e-34	7.3156100000000005e-34	7.561755e-34	7.289865e-34
1318260.0	7.73643e-34	7.467065e-34	7.73637e-34	7.46701e-34	7.710205e-34	7.440955e-34
1374040.0	7.887745e-34	7.6210399999999996e-34	7.887685e-34	7.620975e-34	7.86123e-34	7.594645e-34
1432190.0	8.041695e-34	7.777655000000001e-34	8.041635e-34	7.777595e-34	8.01488e-34	7.75095e-34
1492790.0	8.198299999999999e-34	7.93694e-34	8.198239999999999e-34	7.936875e-34	8.171175e-34	7.909925e-34
1555970.0	8.35761e-34	8.098940000000001e-34	8.35755e-34	8.098880000000001e-34	8.330185e-34	8.071615e-34
1621810.0	8.51966e-34	8.263675e-34	8.5196e-34	8.263615e-34	8.491925000000002e-34	8.236044999999999e-34
1690440.0	8.684499999999999e-34	8.43121e-34	8.684439999999999e-34	8.43115e-34	8.656435e-34	8.403254999999999e-34
1761980.0	8.85217e-34	8.60158e-34	8.85211e-34	8.601514999999999e-34	8.8238e-34	8.573310000000001e-34
1836540.0	9.02271e-34	8.774820000000001e-34	9.022645e-34	8.774760000000001e-34	8.994015e-34	8.746224999999999e-34
1914260.0	9.19615e-34	8.95097e-34	9.196090000000001e-34	8.950905e-34	9.16713e-34	8.92205e-34
1995260.0	9.37255e-34	9.130075e-34	9.37249e-34	9.130015e-34	9.34321e-34	9.10083e-34
2079700.0	9.55196e-34	9.31219e-34	9.551875e-34	9.31212e-34	9.522284999999999e-34	9.28261e-34
2167700.0	9.734390000000001e-34	9.49734e-34	9.734360000000001e-34	9.49728e-34	9.704415e-34	9.46743e-34
2259440.0	9.91993e-34	9.685609999999999e-34	9.9199e-34	9.68553e-34	9.88959e-34	9.655344999999999e-34
2355050.0	1.0108595000000001e-33	9.876955e-34	1.0108559999999999e-33	9.87687e-34	1.0077935000000001e-33	9.84638e-34
2454710.0	1.0300465e-33	1.0071509999999999e-33	1.0300435e-33	1.0071475e-33	1.026943e-33	1.0040555e-33
2558590.0	1.0495550000000001e-33	1.0269299999999999e-33	1.0495550000000001e-33	1.0269265e-33	1.04642e-33	1.023801e-33
2666860.0	1.069395e-33	1.047035e-33	1.069385e-33	1.04703e-33	1.06622e-33	1.0438699999999999e-33
2779710.0	1.089565e-33	1.067475e-33	1.08956e-33	1.06747e-33	1.086355e-33	1.06427e-33
2897340.0	1.110075e-33	1.088245e-33	1.110065e-33	1.08824e-33	1.1068300000000002e-33	1.08501e-33
3019950.0	1.13092e-33	1.10936e-33	1.130915e-33	1.10936e-33	1.127645e-33	1.106095e-33
3147750.0	1.1521200000000001e-33	1.13083e-33	1.1521149999999999e-33	1.1308199999999999e-33	1.148805e-33	1.127515e-33
3280950.0	1.17367e-33	1.15264e-33	1.17366e-33	1.1526299999999999e-33	1.1703149999999999e-33	1.149295e-33
3419790.0	1.195575e-33	1.17481e-33	1.19557e-33	1.174805e-33	1.192185e-33	1.17143e-33
3564510.0	1.217845e-33	1.197345e-33	1.21784e-33	1.1973349999999999e-33	1.214415e-33	1.19392e-33
3715350.0	1.240485e-33	1.2202449999999999e-33	1.2404750000000001e-33	1.2202350000000001e-33	1.2370150000000001e-33	1.21678e-33
3872580.0	1.2634949999999999e-33	1.243515e-33	1.2634850000000001e-33	1.243505e-33	1.2599900000000001e-33	1.240015e-33
4036450.0	1.286885e-33	1.26716e-33	1.286875e-33	1.2671499999999999e-33	1.28334e-33	1.26362e-33
4207270.0	1.3106599999999999e-33	1.291195e-33	1.31065e-33	1.291185e-33	1.307075e-33	1.28761e-33
4385310.0	1.334825e-33	1.315605e-33	1.334815e-33	1.3156e-33	1.3312e-33	1.31199e-33
4570880.0	1.35938e-33	1.34042e-33	1.35937e-33	1.34041e-33	1.35572e-33	1.33676e-33
4764310.0	1.3843399999999999e-33	1.36563e-33	1.3843300000000001e-33	1.3656250000000001e-33	1.3806349999999999e-33	1.361935e-33
4965920.0	1.409705e-33	1.3912499999999999e-33	1.4097000000000001e-33	1.391245e-33	1.4059600000000002e-33	1.38751e-33
5176070.0	1.4354849999999999e-33	1.417275e-33	1.4354750000000001e-33	1.417265e-33	1.4317e-33	1.413495e-33
5395110.0	1.4616850000000001e-33	1.443715e-33	1.461675e-33	1.443715e-33	1.4578500000000001e-33	1.439895e-33
5623410.0	1.4882949999999999e-33	1.47058e-33	1.4882949999999999e-33	1.470575e-33	1.48443e-33	1.46672e-33
5861380.0	1.515355e-33	1.49788e-33	1.515345e-33	1.49787e-33	1.51144e-33	1.493975e-33
6109420.0	1.54284e-33	1.5256e-33	1.54283e-33	1.5256e-33	1.538885e-33	1.521655e-33
6367960.0	1.570765e-33	1.55377e-33	1.570755e-33	1.553765e-33	1.56677e-33	1.54978e-33
6637430.0	1.59914e-33	1.582385e-33	1.59913e-33	1.58238e-33	1.595095e-33	1.57835e-33
6918310.0	1.62797e-33	1.611455e-33	1.6279600000000002e-33	1.611445e-33	1.623885e-33	1.60737e-33
7211070.0	1.65726e-33	1.640975e-33	1.65725e-33	1.64097e-33	1.6531300000000003e-33	1.63685e-33
7516230.0	1.68702e-33	1.670965e-33	1.68701e-33	1.670955e-33	1.6828400000000002e-33	1.666795e-33
7834300.0	1.71725e-33	1.70143e-33	1.7172400000000002e-33	1.70142e-33	1.71303e-33	1.6972100000000002e-33
8165820.0	1.74796e-33	1.7323699999999998e-33	1.74795e-33	1.7323549999999998e-33	1.743695e-33	1.728105e-33
8511380.0	1.77916e-33	1.763795e-33	1.779155e-33	1.763785e-33	1.77485e-33	1.7594850000000002e-33
8871560.0	1.81085e-33	1.795705e-33	1.810845e-33	1.7957e-33	1.8064949999999997e-33	1.79135e-33
9246980.0	1.843045e-33	1.82812e-33	1.8430350000000002e-33	1.82811e-33	1.838635e-33	1.823715e-33
9638290.0	1.875745e-33	1.86104e-33	1.875735e-33	1.8610299999999998e-33	1.8712850000000002e-33	1.8565849999999997e-33
10046200.0	1.908955e-33	1.894465e-33	1.908945e-33	1.89446e-33	1.90445e-33	1.889965e-33
10471300.0	1.94269e-33	1.92842e-33	1.942685e-33	1.92841e-33	1.93813e-33	1.92386e-33
10914400.0	1.976955e-33	1.962895e-33	1.976945e-33	1.962885e-33	1.9723499999999997e-33	1.95829e-33
11376300.0	2.01175e-33	1.997905e-33	2.01174e-33	1.9978949999999998e-33	2.007095e-33	1.993245e-33
11857700.0	2.04709e-33	2.033445e-33	2.0470800000000002e-33	2.033435e-33	2.04238e-33	2.0287450000000002e-33
12359500.0	2.08298e-33	2.0695449999999997e-33	2.08297e-33	2.069535e-33	2.07822e-33	2.06479e-33
12882500.0	2.119425e-33	2.106195e-33	2.119415e-33	2.106185e-33	2.114615e-33	2.101385e-33
13427600.0	2.156435e-33	2.143405e-33	2.156425e-33	2.1433950000000002e-33	2.151575e-33	2.138545e-33
13995900.0	2.19402e-33	2.18119e-33	2.1940099999999998e-33	2.18118e-33	2.189105e-33	2.1762750000000002e-33
14588100.0	2.232185e-33	2.219555e-33	2.232175e-33	2.219545e-33	2.227215e-33	2.214585e-33
15205500.0	2.27093e-33	2.258495e-33	2.27092e-33	2.258485e-33	2.26591e-33	2.253475e-33
15848900.0	2.31028e-33	2.29804e-33	2.31027e-33	2.29803e-33	2.305205e-33	2.29296e-33
16519600.0	2.35023e-33	2.33818e-33	2.35022e-33	2.3381699999999998e-33	2.345095e-33	2.333045e-33
17218700.0	2.39081e-33	2.37893e-33	2.3908000000000002e-33	2.3789200000000003e-33	2.3856e-33	2.37374e-33
17947300.0	2.4319799999999998e-33	2.4203100000000002e-33	2.431965e-33	2.4202999999999998e-33	2.426725e-33	2.41505e-33
18706800.0	2.473785e-33	2.46229e-33	2.473775e-33	2.4622800000000002e-33	2.46848e-33	2.45699e-33
19498400.0	2.51623e-33	2.5049199999999998e-33	2.5162200000000003e-33	2.504905e-33	2.51087e-33	2.499555e-33
20323600.0	2.55932e-33	2.54819e-33	2.55931e-33	2.54818e-33	2.5539050000000003e-33	2.54277e-33
21183600.0	2.60307e-33	2.5921149999999997e-33	2.60306e-33	2.5921e-33	2.5975849999999997e-33	2.586625e-33
22080000.0	2.647475e-33	2.63669e-33	2.64746e-33	2.63668e-33	2.641935e-33	2.63116e-33
23014400.0	2.6925500000000002e-33	2.68194e-33	2.6925399999999998e-33	2.68193e-33	2.68695e-33	2.6763449999999997e-33
23988300.0	2.73831e-33	2.727875e-33	2.7383e-33	2.72786e-33	2.732645e-33	2.722215e-33
25003500.0	2.78475e-33	2.77448e-33	2.7847400000000003e-33	2.77447e-33	2.779025e-33	2.768765e-33
26061500.0	2.8318949999999998e-33	2.821795e-33	2.831885e-33	2.821785e-33	2.82611e-33	2.81601e-33
27164400.0	2.8797399999999997e-33	2.869805e-33	2.87973e-33	2.86979e-33	2.8738900000000003e-33	2.863955e-33
28313900.0	2.9283050000000002e-33	2.91853e-33	2.9282949999999998e-33	2.91852e-33	2.922395e-33	2.91262e-33
29512100.0	2.9776000000000003e-33	2.96798e-33	2.977585e-33	2.96797e-33	2.971615e-33	2.9619999999999997e-33
30761000.0	3.027625e-33	3.018165e-33	3.0276150000000002e-33	3.01815e-33	3.021575e-33	3.0121199999999998e-33
32062700.0	3.078385e-33	3.0690850000000002e-33	3.0783749999999998e-33	3.06907e-33	3.0722749999999998e-33	3.062975e-33
33419500.0	3.12991e-33	3.120765e-33	3.1299e-33	3.120755e-33	3.123735e-33	3.114585e-33
34833700.0	3.1822e-33	3.173205e-33	3.1821850000000005e-33	3.17319e-33	3.17595e-33	3.16695e-33
36307800.0	3.23525e-33	3.2264e-33	3.23524e-33	3.22639e-33	3.22894e-33	3.22009e-33
37844300.0	3.289095e-33	3.2803950000000005e-33	3.28908e-33	3.280385e-33	3.28271e-33	3.274015e-33
39445700.0	3.343735e-33	3.3351799999999995e-33	3.343725e-33	3.3351700000000004e-33	3.337275e-33	3.328725e-33
41115000.0	3.3991649999999996e-33	3.390755e-33	3.3991499999999996e-33	3.39074e-33	3.392645e-33	3.384235e-33
42854900.0	3.455415e-33	3.447145e-33	3.4554049999999996e-33	3.447135e-33	3.44882e-33	3.440555e-33
44668400.0	3.51249e-33	3.50436e-33	3.51248e-33	3.50435e-33	3.5058300000000004e-33	3.4977e-33
46558600.0	3.570405e-33	3.56241e-33	3.57039e-33	3.5623999999999996e-33	3.563665e-33	3.555675e-33
48528900.0	3.62916e-33	3.621305e-33	3.62915e-33	3.6212900000000004e-33	3.622345e-33	3.6144900000000005e-33
50582500.0	3.6887750000000004e-33	3.68105e-33	3.688765e-33	3.681035e-33	3.68189e-33	3.6741649999999994e-33
52723000.0	3.74926e-33	3.741665e-33	3.74924e-33	3.741645e-33	3.7422899999999995e-33	3.734695e-33
54954100.0	3.8106149999999996e-33	3.8031449999999995e-33	3.8106e-33	3.8031350000000004e-33	3.8035750000000006e-33	3.7961149999999996e-33
57279600.0	3.8728650000000005e-33	3.8655300000000006e-33	3.872855e-33	3.865515e-33	3.8657450000000005e-33	3.8584100000000006e-33
59703500.0	3.936015e-33	3.928805e-33	3.9360049999999996e-33	3.92879e-33	3.928815e-33	3.921605e-33
62230000.0	4.0000849999999995e-33	3.99299e-33	4.00007e-33	3.9929799999999995e-33	3.9928e-33	3.985715e-33
64863400.0	4.06506e-33	4.058095e-33	4.065045e-33	4.058085e-33	4.057705e-33	4.050745e-33
67608300.0	4.130985e-33	4.1241449999999996e-33	4.1309749999999995e-33	4.124125e-33	4.1235400000000004e-33	4.1167e-33
70469300.0	4.19786e-33	4.191135e-33	4.197845e-33	4.1911150000000006e-33	4.19034e-33	4.1836150000000004e-33
73451400.0	4.26569e-33	4.259075e-33	4.26567e-33	4.259065e-33	4.258085e-33	4.251475e-33
76559700.0	4.3344900000000004e-33	4.3279899999999996e-33	4.3344750000000004e-33	4.3279800000000005e-33	4.326795e-33	4.3203e-33
79799500.0	4.404275e-33	4.3978899999999996e-33	4.404255e-33	4.397875e-33	4.396495e-33	4.390115e-33
83176400.0	4.47506e-33	4.468785e-33	4.47504e-33	4.46877e-33	4.4671949999999994e-33	4.460925e-33
86696200.0	4.546845e-33	4.540685e-33	4.54683e-33	4.540665e-33	4.53889e-33	4.53273e-33
90364900.0	4.61966e-33	4.613605e-33	4.61964e-33	4.613585e-33	4.6116199999999996e-33	4.605565e-33
94189000.0	4.693505e-33	4.6875600000000005e-33	4.693495e-33	4.687545e-33	4.6853750000000005e-33	4.679425e-33
98174800.0	4.768395e-33	4.762555e-33	4.768385e-33	4.762535e-33	4.760175e-33	4.754335e-33
102329000.0	4.84435e-33	4.83861e-33	4.84434e-33	4.838595e-33	4.836025e-33	4.83029e-33
106660000.0	4.92138e-33	4.915735e-33	4.92136e-33	4.91572e-33	4.9129650000000004e-33	4.90733e-33
111173000.0	4.999495e-33	4.9939499999999996e-33	4.999475e-33	4.9939349999999995e-33	4.9909849999999997e-33	4.98545e-33
115878000.0	5.07871e-33	5.073265e-33	5.0786900000000005e-33	5.073255e-33	5.0701e-33	5.0646650000000004e-33
120781000.0	5.1590499999999995e-33	5.15369e-33	5.159035e-33	5.153685e-33	5.150335e-33	5.144995e-33
125893000.0	5.2404999999999995e-33	5.235245e-33	5.240485e-33	5.23523e-33	5.2316900000000004e-33	5.226445e-33
131220000.0	5.3231000000000005e-33	5.317935e-33	5.3230799999999995e-33	5.3179200000000005e-33	5.314195e-33	5.3090450000000004e-33
136773000.0	5.406855e-33	5.4017850000000004e-33	5.406835e-33	5.4017649999999995e-33	5.39785e-33	5.39279e-33
142561000.0	5.49178e-33	5.486805e-33	5.4917600000000004e-33	5.486785e-33	5.48267e-33	5.4776999999999994e-33
148594000.0	5.57789e-33	5.5730049999999996e-33	5.577875e-33	5.572985e-33	5.568685e-33	5.563805e-33
154882000.0	5.665205e-33	5.660405e-33	5.6651850000000005e-33	5.660385e-33	5.6558899999999997e-33	5.651095e-33
161436000.0	5.75373e-33	5.7490200000000003e-33	5.753715e-33	5.749e-33	5.744315e-33	5.7396e-33
168267000.0	5.8434949999999996e-33	5.83886e-33	5.843475e-33	5.83884e-33	5.833965e-33	5.82934e-33
175388000.0	5.93449e-33	5.929945e-33	5.9344700000000004e-33	5.929925e-33	5.9248600000000004e-33	5.9203149999999997e-33
182810000.0	6.02675e-33	6.02228e-33	6.0267299999999996e-33	6.022265e-33	6.017005e-33	6.012545e-33
190546000.0	6.120295e-33	6.1159100000000004e-33	6.120275e-33	6.11589e-33	6.11044e-33	6.10606e-33
198609000.0	6.215130000000001e-33	6.210820000000001e-33	6.21511e-33	6.210805e-33	6.20516e-33	6.20085e-33
207014000.0	6.311264999999999e-33	6.307035e-33	6.311245e-33	6.307015e-33	6.301180000000001e-33	6.296955e-33
215774000.0	6.408729999999999e-33	6.404575e-33	6.408710000000001e-33	6.404555e-33	6.398525e-33	6.394375e-33
224905000.0	6.507534999999999e-33	6.503455e-33	6.507515000000001e-33	6.503435e-33	6.497204999999999e-33	6.493135e-33
234423000.0	6.607685e-33	6.60368e-33	6.607665e-33	6.603660000000001e-33	6.59725e-33	6.593255e-33
244343000.0	6.709245e-33	6.705295e-33	6.709225e-33	6.70527e-33	6.69866e-33	6.69473e-33
254683000.0	6.812145e-33	6.80828e-33	6.812120000000001e-33	6.808259999999999e-33	6.801465e-33	6.797610000000001e-33
265461000.0	6.916485e-33	6.912695e-33	6.91646e-33	6.91267e-33	6.905665e-33	6.901885000000001e-33
276694000.0	7.022219999999999e-33	7.0185e-33	7.0222e-33	7.01848e-33	7.01129e-33	7.007575e-33
288403000.0	7.12943e-33	7.12577e-33	7.12941e-33	7.125749999999999e-33	7.11836e-33	7.114715000000001e-33
300608000.0	7.238085e-33	7.234495000000001e-33	7.238065e-33	7.234475e-33	7.226885e-33	7.223304999999999e-33
313329000.0	7.34822e-33	7.344689999999999e-33	7.348195e-33	7.344670000000001e-33	7.336875e-33	7.333360000000001e-33
326588000.0	7.459840000000001e-33	7.45638e-33	7.45982e-33	7.45636e-33	7.448384999999999e-33	7.44493e-33
340408000.0	7.572994999999999e-33	7.569595e-33	7.572975000000001e-33	7.569575e-33	7.561395000000001e-33	7.558005000000001e-33
354813000.0	7.687659999999999e-33	7.684325e-33	7.687640000000001e-33	7.684305e-33	7.675935e-33	7.672605e-33
369828000.0	7.80389e-33	7.800605e-33	7.803865000000001e-33	7.800584999999999e-33	7.79202e-33	7.78875e-33
385478000.0	7.92168e-33	7.91846e-33	7.921655e-33	7.918440000000001e-33	7.909675e-33	7.90647e-33
401791000.0	8.04105e-33	8.03789e-33	8.04103e-33	8.037865e-33	8.02891e-33	8.025765e-33
418794000.0	8.162044999999999e-33	8.158950000000001e-33	8.162025000000001e-33	8.15893e-33	8.149765e-33	8.146670000000001e-33
436516000.0	8.284695e-33	8.28165e-33	8.284675e-33	8.281625000000001e-33	8.27224e-33	8.269204999999999e-33
454988000.0	8.408945e-33	8.405955e-33	8.408925e-33	8.405935e-33	8.396350000000001e-33	8.393375e-33
474242000.0	8.534885e-33	8.531945000000001e-33	8.53486e-33	8.531925e-33	8.52214e-33	8.519215e-33
494311000.0	8.662519999999999e-33	8.659630000000001e-33	8.662489999999999e-33	8.659605e-33	8.64961e-33	8.64674e-33
515229000.0	8.791839999999999e-33	8.78901e-33	8.791815e-33	8.78898e-33	8.778795e-33	8.775975000000001e-33
537032000.0	8.922905e-33	8.92012e-33	8.92288e-33	8.920095e-33	8.909699999999999e-33	8.90693e-33
559758000.0	9.05572e-33	9.052990000000001e-33	9.0557e-33	9.052960000000001e-33	9.04235e-33	9.03963e-33
583445000.0	9.190310000000001e-33	9.187620000000001e-33	9.190280000000001e-33	9.187595e-33	9.176785e-33	9.174115e-33
608135000.0	9.326685e-33	9.324045e-33	9.326655e-33	9.324015e-33	9.31299e-33	9.310370000000001e-33
633870000.0	9.464905e-33	9.462274999999999e-33	9.46487e-33	9.46225e-33	9.45102e-33	9.44845e-33
660693000.0	9.604899999999999e-33	9.602355000000001e-33	9.604875e-33	9.602329999999999e-33	9.59088e-33	9.588345e-33
688652000.0	9.74679e-33	9.744284999999999e-33	9.74676e-33	9.74426e-33	9.7326e-33	9.730115e-33
717794000.0	9.89056e-33	9.888114999999999e-33	9.89053e-33	9.888084999999999e-33	9.8762e-33	9.87376e-33
748170000.0	1.0036245e-32	1.0033865e-32	1.0036235e-32	1.00338e-32	1.0021685e-32	1.0019305e-32
779830000.0	1.018385e-32	1.0181449999999999e-32	1.018375e-32	1.0181449999999999e-32	1.016915e-32	1.0166749999999999e-32
812831000.0	1.033345e-32	1.03311e-32	1.03334e-32	1.033105e-32	1.03185e-32	1.03162e-32
847227000.0	1.048495e-32	1.04827e-32	1.04849e-32	1.0482600000000001e-32	1.046985e-32	1.04676e-32
883080000.0	1.0638500000000001e-32	1.063625e-32	1.063845e-32	1.06362e-32	1.06232e-32	1.0620949999999999e-32
920450000.0	1.0794e-32	1.07918e-32	1.0794e-32	1.079175e-32	1.07786e-32	1.077635e-32
959401000.0	1.09516e-32	1.09494e-32	1.095155e-32	1.09494e-32	1.093595e-32	1.0933800000000001e-32
1000000000.0	1.1111299999999999e-32	1.11091e-32	1.111125e-32	1.11091e-32	1.1095450000000001e-32	1.109335e-32
