1.0	2.27234e-39	1.105555e-39	2.27234e-39	1.105555e-39	2.27234e-39	1.105555e-39
1.04232	2.3755199999999998e-39	1.15685e-39	2.3755199999999998e-39	1.15685e-39	2.3755199999999998e-39	1.15685e-39
1.08643	2.482635e-39	1.2100699999999999e-39	2.482635e-39	1.2100699999999999e-39	2.482635e-39	1.2100699999999999e-39
1.1324	2.59388e-39	1.2653149999999999e-39	2.59388e-39	1.2653149999999999e-39	2.59388e-39	1.2653149999999999e-39
1.18032	2.709425e-39	1.322665e-39	2.709425e-39	1.322665e-39	2.709425e-39	1.322665e-39
1.23027	2.8294550000000003e-39	1.382225e-39	2.8294550000000003e-39	1.382225e-39	2.8294550000000003e-39	1.382225e-39
1.28233	2.95417e-39	1.444085e-39	2.95417e-39	1.444085e-39	2.95417e-39	1.444085e-39
1.3366	3.083785e-39	1.50837e-39	3.083785e-39	1.50837e-39	3.083785e-39	1.50837e-39
1.39316	3.218515e-39	1.575205e-39	3.218515e-39	1.575205e-39	3.218515e-39	1.575205e-39
1.45211	3.35862e-39	1.64473e-39	3.35862e-39	1.64473e-39	3.35862e-39	1.64473e-39
1.51356	3.504385e-39	1.71709e-39	3.504385e-39	1.71709e-39	3.504385e-39	1.71709e-39
1.57761	3.65605e-39	1.792415e-39	3.65605e-39	1.792415e-39	3.65605e-39	1.792415e-39
1.64437	3.8138849999999997e-39	1.870865e-39	3.8138849999999997e-39	1.870865e-39	3.8138849999999997e-39	1.870865e-39
1.71396	3.9781150000000004e-39	1.952605e-39	3.9781150000000004e-39	1.952605e-39	3.9781150000000004e-39	1.952605e-39
1.78649	4.1490249999999997e-39	2.03778e-39	4.1490249999999997e-39	2.03778e-39	4.1490249999999997e-39	2.03778e-39
1.86209	4.326895e-39	2.12656e-39	4.326895e-39	2.12656e-39	4.326895e-39	2.12656e-39
1.94089	4.511965e-39	2.2191e-39	4.511965e-39	2.2191e-39	4.511965e-39	2.2191e-39
2.02302	4.7045999999999995e-39	2.3155699999999998e-39	4.7045999999999995e-39	2.3155699999999998e-39	4.7045999999999995e-39	2.3155699999999998e-39
2.10863	4.9051000000000004e-39	2.4161700000000002e-39	4.9051000000000004e-39	2.4161700000000002e-39	4.9051000000000004e-39	2.4161700000000002e-39
2.19786	5.11378e-39	2.52106e-39	5.11378e-39	2.52106e-39	5.11378e-39	2.52106e-39
2.29087	5.3309849999999997e-39	2.6304250000000002e-39	5.3309849999999997e-39	2.6304250000000002e-39	5.3309849999999997e-39	2.6304250000000002e-39
2.38781	5.55704e-39	2.744475e-39	5.55704e-39	2.744475e-39	5.55704e-39	2.744475e-39
2.48886	5.792365e-39	2.863405e-39	5.792365e-39	2.863405e-39	5.792365e-39	2.863405e-39
2.59418	6.037285e-39	2.987395e-39	6.037285e-39	2.987395e-39	6.037285e-39	2.987395e-39
2.70396	6.292195e-39	3.11667e-39	6.292195e-39	3.11667e-39	6.292195e-39	3.11667e-39
2.81838	6.557505000000001e-39	3.251445e-39	6.557505000000001e-39	3.251445e-39	6.557505000000001e-39	3.251445e-39
2.93765	6.833625e-39	3.391955e-39	6.833625e-39	3.391955e-39	6.833625e-39	3.391955e-39
3.06196	7.12104e-39	3.538455e-39	7.12104e-39	3.538455e-39	7.12104e-39	3.538455e-39
3.19154	7.419885e-39	3.69118e-39	7.419885e-39	3.69118e-39	7.419885e-39	3.69118e-39
3.3266	7.731435e-39	3.850395e-39	7.731435e-39	3.850395e-39	7.731435e-39	3.850395e-39
3.46737	8.05542e-39	4.016385e-39	8.05542e-39	4.016385e-39	8.05542e-39	4.016385e-39
3.6141	8.392605e-39	4.1894299999999995e-39	8.392605e-39	4.1894299999999995e-39	8.392605e-39	4.1894299999999995e-39
3.76704	8.743525e-39	4.36981e-39	8.743525e-39	4.36981e-39	8.743525e-39	4.36981e-39
3.92645	9.108710000000001e-39	4.557815e-39	9.108710000000001e-39	4.557815e-39	9.108710000000001e-39	4.557815e-39
4.09261	9.48873e-39	4.75376e-39	9.48873e-39	4.75376e-39	9.48873e-39	4.75376e-39
4.2658	9.88415e-39	4.95797e-39	9.88415e-39	4.95797e-39	9.88415e-39	4.95797e-39
4.44631	1.029565e-38	5.170795e-39	1.029565e-38	5.170795e-39	1.029565e-38	5.170795e-39
4.63447	1.0723850000000001e-38	5.39257e-39	1.0723850000000001e-38	5.39257e-39	1.0723850000000001e-38	5.39257e-39
4.83059	1.116945e-38	5.62368e-39	1.116945e-38	5.62368e-39	1.116945e-38	5.62368e-39
5.03501	1.16331e-38	5.864515e-39	1.16331e-38	5.864515e-39	1.16331e-38	5.864515e-39
5.24807	1.211555e-38	6.115490000000001e-39	1.211555e-38	6.115490000000001e-39	1.211555e-38	6.115490000000001e-39
5.47016	1.2617649999999998e-38	6.377020000000001e-39	1.2617649999999998e-38	6.377020000000001e-39	1.2617649999999998e-38	6.377020000000001e-39
5.70164	1.314005e-38	6.649535e-39	1.314005e-38	6.649535e-39	1.314005e-38	6.649535e-39
5.94292	1.3683600000000002e-38	6.933485e-39	1.3683600000000002e-38	6.933485e-39	1.3683600000000002e-38	6.933485e-39
6.19441	1.42493e-38	7.229375e-39	1.42493e-38	7.229375e-39	1.42493e-38	7.229375e-39
6.45654	1.48379e-38	7.53766e-39	1.48379e-38	7.53766e-39	1.48379e-38	7.53766e-39
6.72977	1.5450299999999998e-38	7.85888e-39	1.5450299999999998e-38	7.85888e-39	1.5450299999999998e-38	7.85888e-39
7.01455	1.60876e-38	8.19355e-39	1.60876e-38	8.19355e-39	1.60876e-38	8.19355e-39
7.31139	1.675075e-38	8.54226e-39	1.675075e-38	8.54226e-39	1.675075e-38	8.54226e-39
7.62079	1.744075e-38	8.905575e-39	1.744075e-38	8.905575e-39	1.744075e-38	8.905575e-39
7.94328	1.81588e-38	9.284125e-39	1.81588e-38	9.284125e-39	1.81588e-38	9.284125e-39
8.27942	1.8906e-38	9.678559999999999e-39	1.8906e-38	9.678559999999999e-39	1.8906e-38	9.678559999999999e-39
8.62979	1.9683499999999998e-38	1.008955e-38	1.9683499999999998e-38	1.008955e-38	1.9683499999999998e-38	1.008955e-38
8.99498	2.0492650000000002e-38	1.05178e-38	2.0492650000000002e-38	1.05178e-38	2.0492650000000002e-38	1.05178e-38
9.37562	2.13347e-38	1.096405e-38	2.13347e-38	1.096405e-38	2.13347e-38	1.096405e-38
9.77237	2.2211e-38	1.142905e-38	2.2211e-38	1.142905e-38	2.2211e-38	1.142905e-38
10.1859	2.3122900000000002e-38	1.1913600000000002e-38	2.3122900000000002e-38	1.1913600000000002e-38	2.3122900000000002e-38	1.1913600000000002e-38
10.617	2.4071950000000004e-38	1.2418450000000002e-38	2.4071950000000004e-38	1.2418450000000002e-38	2.4071950000000004e-38	1.2418450000000002e-38
11.0662	2.50596e-38	1.29446e-38	2.50596e-38	1.29446e-38	2.50596e-38	1.29446e-38
11.5345	2.6087500000000003e-38	1.349285e-38	2.6087500000000003e-38	1.349285e-38	2.6087500000000003e-38	1.349285e-38
12.0226	2.715725e-38	1.406415e-38	2.715725e-38	1.406415e-38	2.715725e-38	1.406415e-38
12.5314	2.82706e-38	1.4659399999999998e-38	2.82706e-38	1.4659399999999998e-38	2.82706e-38	1.4659399999999998e-38
13.0617	2.94293e-38	1.52798e-38	2.94293e-38	1.52798e-38	2.94293e-38	1.52798e-38
13.6144	3.063525e-38	1.592635e-38	3.063525e-38	1.592635e-38	3.063525e-38	1.592635e-38
14.1906	3.189045e-38	1.660005e-38	3.189045e-38	1.660005e-38	3.189045e-38	1.660005e-38
14.7911	3.31968e-38	1.73021e-38	3.31968e-38	1.73021e-38	3.31968e-38	1.73021e-38
15.417	3.45565e-38	1.803375e-38	3.45565e-38	1.803375e-38	3.45565e-38	1.803375e-38
16.0694	3.59718e-38	1.87962e-38	3.59718e-38	1.87962e-38	3.59718e-38	1.87962e-38
16.7494	3.744485e-38	1.959085e-38	3.744485e-38	1.959085e-38	3.744485e-38	1.959085e-38
17.4582	3.89781e-38	2.0419049999999997e-38	3.89781e-38	2.0419049999999997e-38	3.89781e-38	2.0419049999999997e-38
18.197	4.0574099999999997e-38	2.12821e-38	4.0574099999999997e-38	2.12821e-38	4.0574099999999997e-38	2.12821e-38
18.9671	4.22353e-38	2.21816e-38	4.22353e-38	2.21816e-38	4.22353e-38	2.21816e-38
19.7697	4.3964549999999996e-38	2.311905e-38	4.3964549999999996e-38	2.311905e-38	4.3964549999999996e-38	2.311905e-38
20.6063	4.57646e-38	2.40961e-38	4.57646e-38	2.40961e-38	4.57646e-38	2.40961e-38
21.4783	4.763845e-38	2.51144e-38	4.763845e-38	2.51144e-38	4.763845e-38	2.51144e-38
22.3872	4.9589e-38	2.617575e-38	4.9589e-38	2.617575e-38	4.9589e-38	2.617575e-38
23.3346	5.161955e-38	2.728195e-38	5.161955e-38	2.728195e-38	5.161955e-38	2.728195e-38
24.322	5.373340000000001e-38	2.8435e-38	5.373340000000001e-38	2.8435e-38	5.373340000000001e-38	2.8435e-38
25.3513	5.5934e-38	2.96368e-38	5.5934e-38	2.96368e-38	5.5934e-38	2.96368e-38
26.4241	5.822485e-38	3.088945e-38	5.822485e-38	3.088945e-38	5.822485e-38	3.088945e-38
27.5423	6.060989999999999e-38	3.21951e-38	6.060989999999999e-38	3.21951e-38	6.060989999999999e-38	3.21951e-38
28.7078	6.30928e-38	3.35561e-38	6.30928e-38	3.35561e-38	6.30928e-38	3.35561e-38
29.9226	6.567775000000001e-38	3.49748e-38	6.567775000000001e-38	3.49748e-38	6.567775000000001e-38	3.49748e-38
31.1889	6.84721e-38	3.64536e-38	6.84721e-38	3.64536e-38	6.84721e-38	3.64536e-38
32.5087	7.117085e-38	3.799505e-38	7.117085e-38	3.799505e-38	7.117085e-38	3.799505e-38
33.8844	7.408795e-38	3.9601900000000003e-38	7.408795e-38	3.9601900000000003e-38	7.408795e-38	3.9601900000000003e-38
35.3183	7.71251e-38	4.12769e-38	7.71251e-38	4.12769e-38	7.71251e-38	4.12769e-38
36.8129	8.02872e-38	4.3023e-38	8.02872e-38	4.3023e-38	8.02872e-38	4.3023e-38
38.3707	8.357945e-38	4.484315e-38	8.357945e-38	4.484315e-38	8.357945e-38	4.484315e-38
39.9945	8.700729999999999e-38	4.6740599999999997e-38	8.700729999999999e-38	4.6740599999999997e-38	8.700729999999999e-38	4.6740599999999997e-38
41.6869	9.057615e-38	4.87186e-38	9.057615e-38	4.87186e-38	9.057615e-38	4.87186e-38
43.451	9.42921e-38	5.07807e-38	9.42921e-38	5.07807e-38	9.42921e-38	5.07807e-38
45.2898	9.81611e-38	5.293035e-38	9.81611e-38	5.293035e-38	9.81611e-38	5.293035e-38
47.2063	1.0218925e-37	5.517125e-38	1.0218925e-37	5.517125e-38	1.0218925e-37	5.517125e-38
49.204	1.06384e-37	5.750745e-38	1.06384e-37	5.750745e-38	1.06384e-37	5.750745e-38
51.2861	1.1075100000000002e-37	5.994295000000001e-38	1.1075100000000002e-37	5.994295000000001e-38	1.1075100000000002e-37	5.994295000000001e-38
53.4564	1.15298e-37	6.248215e-38	1.15298e-37	6.248215e-38	1.15298e-37	6.248215e-38
55.7186	1.2013e-37	6.512915e-38	1.2013e-37	6.512915e-38	1.2013e-37	6.512915e-38
58.0764	1.24963e-37	6.790484999999999e-38	1.24963e-37	6.790484999999999e-38	1.24963e-37	6.790484999999999e-38
60.5341	1.30096e-37	7.07657e-38	1.30096e-37	7.07657e-38	1.30096e-37	7.07657e-38
63.0957	1.356515e-37	7.37812e-38	1.356515e-37	7.37812e-38	1.356515e-37	7.37812e-38
65.7658	1.4110149999999998e-37	7.6892e-38	1.4110149999999998e-37	7.6892e-38	1.4110149999999998e-37	7.6892e-38
68.5488	1.46801e-37	8.015209999999999e-38	1.46801e-37	8.015209999999999e-38	1.46801e-37	8.015209999999999e-38
71.4496	1.5283500000000001e-37	8.355085e-38	1.5283500000000001e-37	8.355085e-38	1.5283500000000001e-37	8.355085e-38
74.4732	1.591175e-37	8.709419999999999e-38	1.591175e-37	8.709419999999999e-38	1.591175e-37	8.709419999999999e-38
77.6247	1.656595e-37	9.078855e-38	1.656595e-37	9.078855e-38	1.656595e-37	9.078855e-38
80.9096	1.72582e-37	9.463985e-38	1.72582e-37	9.463985e-38	1.72582e-37	9.463985e-38
84.3335	1.7976750000000002e-37	9.865525e-38	1.7976750000000002e-37	9.865525e-38	1.7976750000000002e-37	9.865525e-38
87.9023	1.8704700000000003e-37	1.028415e-37	1.8704700000000003e-37	1.028415e-37	1.8704700000000003e-37	1.028415e-37
91.622	1.946375e-37	1.07206e-37	1.946375e-37	1.07206e-37	1.946375e-37	1.07206e-37
95.4993	2.0284599999999997e-37	1.1179349999999998e-37	2.0284599999999997e-37	1.1179349999999998e-37	2.0284599999999997e-37	1.1179349999999998e-37
99.5405	2.10981e-37	1.16517e-37	2.10981e-37	1.16517e-37	2.10981e-37	1.16517e-37
103.753	2.198615e-37	1.214625e-37	2.198615e-37	1.214625e-37	2.198615e-37	1.214625e-37
108.143	2.2879050000000003e-37	1.266395e-37	2.2879050000000003e-37	1.266395e-37	2.2879050000000003e-37	1.266395e-37
112.72	2.3830900000000003e-37	1.32016e-37	2.3830900000000003e-37	1.32016e-37	2.3830900000000003e-37	1.32016e-37
117.49	2.4810650000000002e-37	1.3762000000000002e-37	2.4810650000000002e-37	1.3762000000000002e-37	2.4810650000000002e-37	1.3762000000000002e-37
122.462	2.58308e-37	1.434635e-37	2.58308e-37	1.434635e-37	2.58308e-37	1.434635e-37
127.644	2.6893e-37	1.495555e-37	2.6893e-37	1.495555e-37	2.6893e-37	1.495555e-37
133.045	2.7998900000000002e-37	1.559065e-37	2.7998900000000002e-37	1.559065e-37	2.7998900000000002e-37	1.559065e-37
138.676	2.9150400000000003e-37	1.625075e-37	2.9150400000000003e-37	1.625075e-37	2.9150400000000003e-37	1.625075e-37
144.544	3.034925e-37	1.69431e-37	3.034925e-37	1.69431e-37	3.034925e-37	1.69431e-37
150.661	3.15975e-37	1.76627e-37	3.15975e-37	1.76627e-37	3.15975e-37	1.76627e-37
157.036	3.28971e-37	1.8413049999999999e-37	3.28971e-37	1.8413049999999999e-37	3.28971e-37	1.8413049999999999e-37
163.682	3.42501e-37	1.91952e-37	3.42501e-37	1.91952e-37	3.42501e-37	1.91952e-37
170.608	3.565875e-37	2.00106e-37	3.565875e-37	2.00106e-37	3.565875e-37	2.00106e-37
177.828	3.7125399999999996e-37	2.08607e-37	3.7125399999999996e-37	2.08607e-37	3.7125399999999996e-37	2.08607e-37
185.353	3.865215e-37	2.1746950000000003e-37	3.865215e-37	2.1746950000000003e-37	3.865215e-37	2.1746950000000003e-37
193.197	4.02417e-37	2.267075e-37	4.02417e-37	2.267075e-37	4.02417e-37	2.267075e-37
201.372	4.18965e-37	2.36338e-37	4.18965e-37	2.36338e-37	4.18965e-37	2.36338e-37
209.894	4.361915e-37	2.4637700000000002e-37	4.361915e-37	2.4637700000000002e-37	4.361915e-37	2.4637700000000002e-37
218.776	4.541245e-37	2.56843e-37	4.541245e-37	2.56843e-37	4.541245e-37	2.56843e-37
228.034	4.727935e-37	2.67753e-37	4.727935e-37	2.67753e-37	4.727935e-37	2.67753e-37
237.684	4.92226e-37	2.791255e-37	4.92226e-37	2.791255e-37	4.92226e-37	2.791255e-37
247.742	5.12455e-37	2.909795e-37	5.12455e-37	2.909795e-37	5.12455e-37	2.909795e-37
258.226	5.33511e-37	3.03338e-37	5.33511e-37	3.03338e-37	5.33511e-37	3.03338e-37
269.153	5.55428e-37	3.16233e-37	5.55428e-37	3.16233e-37	5.55428e-37	3.16233e-37
280.543	5.782415e-37	3.29644e-37	5.782415e-37	3.29644e-37	5.782415e-37	3.29644e-37
292.415	6.01985e-37	3.43639e-37	6.01985e-37	3.43639e-37	6.01985e-37	3.43639e-37
304.789	6.2669849999999996e-37	3.5822650000000002e-37	6.2669849999999996e-37	3.5822650000000002e-37	6.2669849999999996e-37	3.5822650000000002e-37
317.687	6.524185e-37	3.7343e-37	6.524185e-37	3.7343e-37	6.524185e-37	3.7343e-37
331.131	6.791865e-37	3.89276e-37	6.791865e-37	3.89276e-37	6.791865e-37	3.89276e-37
345.144	7.07047e-37	4.05792e-37	7.07047e-37	4.05792e-37	7.07047e-37	4.05792e-37
359.749	7.360345e-37	4.23006e-37	7.360345e-37	4.23006e-37	7.360345e-37	4.23006e-37
374.973	7.662035e-37	4.40946e-37	7.662035e-37	4.40946e-37	7.662035e-37	4.40946e-37
390.841	7.97595e-37	4.5964250000000006e-37	7.97595e-37	4.5964250000000006e-37	7.97595e-37	4.5964250000000006e-37
407.38	8.302594999999999e-37	4.791265e-37	8.302594999999999e-37	4.791265e-37	8.302594999999999e-37	4.791265e-37
424.62	8.642465e-37	4.99432e-37	8.642465e-37	4.99432e-37	8.642465e-37	4.99432e-37
442.588	8.996085e-37	5.205925e-37	8.996085e-37	5.205925e-37	8.996085e-37	5.205925e-37
461.318	9.363995e-37	5.4264299999999995e-37	9.363995e-37	5.4264299999999995e-37	9.363995e-37	5.4264299999999995e-37
480.839	9.746745e-37	5.65621e-37	9.746745e-37	5.65621e-37	9.746745e-37	5.65621e-37
501.187	1.0144935e-36	5.8956150000000004e-37	1.0144935e-36	5.8956150000000004e-37	1.0144935e-36	5.8956150000000004e-37
522.396	1.055915e-36	6.145075e-37	1.055915e-36	6.145075e-37	1.055915e-36	6.145075e-37
544.503	1.09899e-36	6.405e-37	1.09899e-36	6.405e-37	1.09899e-36	6.405e-37
567.545	1.14381e-36	6.67581e-37	1.14381e-36	6.67581e-37	1.14381e-36	6.67581e-37
591.562	1.19041e-36	6.957945e-37	1.19041e-36	6.957945e-37	1.19041e-36	6.957945e-37
616.595	1.2388850000000001e-36	7.25188e-37	1.2388850000000001e-36	7.25188e-37	1.2388850000000001e-36	7.25188e-37
642.688	1.28929e-36	7.558085e-37	1.28929e-36	7.558085e-37	1.28929e-36	7.558085e-37
669.885	1.3417099999999999e-36	7.877075e-37	1.3417099999999999e-36	7.877075e-37	1.3417099999999999e-36	7.877075e-37
698.232	1.396205e-36	8.209355e-37	1.396205e-36	8.209355e-37	1.396205e-36	8.209355e-37
727.78	1.452875e-36	8.555464999999999e-37	1.452875e-36	8.555464999999999e-37	1.452875e-36	8.555464999999999e-37
758.578	1.511785e-36	8.915975e-37	1.511785e-36	8.915975e-37	1.511785e-36	8.915975e-37
790.679	1.57303e-36	9.29143e-37	1.57303e-36	9.29143e-37	1.57303e-36	9.29143e-37
824.138	1.6366899999999998e-36	9.682485000000001e-37	1.6366899999999998e-36	9.682485000000001e-37	1.6366899999999998e-36	9.682485000000001e-37
859.014	1.7028499999999998e-36	1.00897e-36	1.7028499999999998e-36	1.00897e-36	1.7028499999999998e-36	1.00897e-36
895.365	1.77162e-36	1.0513800000000001e-36	1.77162e-36	1.0513800000000001e-36	1.77162e-36	1.0513800000000001e-36
933.254	1.8430800000000002e-36	1.0955349999999999e-36	1.8430800000000002e-36	1.0955349999999999e-36	1.8430800000000002e-36	1.0955349999999999e-36
972.747	1.91734e-36	1.1415199999999999e-36	1.91734e-36	1.1415199999999999e-36	1.91734e-36	1.1415199999999999e-36
1013.91	1.9944949999999997e-36	1.1893950000000001e-36	1.9944949999999997e-36	1.1893950000000001e-36	1.9944949999999997e-36	1.1893950000000001e-36
1056.82	2.07465e-36	1.239235e-36	2.07465e-36	1.239235e-36	2.07465e-36	1.239235e-36
1101.54	2.1579199999999997e-36	1.29112e-36	2.1579199999999997e-36	1.29112e-36	2.1579199999999997e-36	1.29112e-36
1148.15	2.2444099999999998e-36	1.345135e-36	2.2444099999999998e-36	1.345135e-36	2.2444099999999998e-36	1.345135e-36
1196.74	2.334245e-36	1.40136e-36	2.334245e-36	1.40136e-36	2.334245e-36	1.40136e-36
1247.38	2.42753e-36	1.45988e-36	2.42753e-36	1.45988e-36	2.42753e-36	1.45988e-36
1300.17	2.52439e-36	1.520785e-36	2.52439e-36	1.520785e-36	2.52439e-36	1.520785e-36
1355.19	2.624955e-36	1.5841649999999998e-36	2.624955e-36	1.5841649999999998e-36	2.624955e-36	1.5841649999999998e-36
1412.54	2.72936e-36	1.650115e-36	2.72936e-36	1.650115e-36	2.72936e-36	1.650115e-36
1472.31	2.8377250000000003e-36	1.718745e-36	2.8377250000000003e-36	1.718745e-36	2.8377250000000003e-36	1.718745e-36
1534.62	2.95019e-36	1.79015e-36	2.95019e-36	1.79015e-36	2.95019e-36	1.79015e-36
1599.56	3.0669e-36	1.8644250000000002e-36	3.0669e-36	1.8644250000000002e-36	3.0669e-36	1.8644250000000002e-36
1667.25	3.187995e-36	1.941695e-36	3.187995e-36	1.941695e-36	3.187995e-36	1.941695e-36
1737.8	3.31363e-36	2.022065e-36	3.31363e-36	2.022065e-36	3.31363e-36	2.022065e-36
1811.34	3.443935e-36	2.10566e-36	3.443935e-36	2.10566e-36	3.443935e-36	2.10566e-36
1887.99	3.5790799999999994e-36	2.19259e-36	3.5790799999999994e-36	2.19259e-36	3.5790799999999994e-36	2.19259e-36
1967.89	3.719235e-36	2.282985e-36	3.719235e-36	2.282985e-36	3.719235e-36	2.282985e-36
2051.16	3.864545e-36	2.376975e-36	3.864545e-36	2.376975e-36	3.864545e-36	2.376975e-36
2137.96	4.0152e-36	2.47469e-36	4.0152e-36	2.47469e-36	4.0152e-36	2.47469e-36
2228.44	4.1713249999999997e-36	2.5762600000000002e-36	4.1713249999999997e-36	2.5762600000000002e-36	4.1713249999999997e-36	2.5762600000000002e-36
2322.74	4.33312e-36	2.68184e-36	4.33312e-36	2.68184e-36	4.33312e-36	2.68184e-36
2421.03	4.500775e-36	2.7915700000000003e-36	4.500775e-36	2.7915700000000003e-36	4.500775e-36	2.7915700000000003e-36
2523.48	4.67446e-36	2.9056e-36	4.67446e-36	2.9056e-36	4.67446e-36	2.9056e-36
2630.27	4.854335e-36	3.02408e-36	4.854335e-36	3.02408e-36	4.854335e-36	3.02408e-36
2741.57	5.040655e-36	3.147175e-36	5.040655e-36	3.147175e-36	5.040655e-36	3.147175e-36
2857.59	5.23355e-36	3.275045e-36	5.23355e-36	3.275045e-36	5.23355e-36	3.275045e-36
2978.52	5.433245e-36	3.4078550000000004e-36	5.433245e-36	3.4078550000000004e-36	5.433245e-36	3.4078550000000004e-36
3104.56	5.63994e-36	3.545785e-36	5.63994e-36	3.545785e-36	5.63994e-36	3.545785e-36
3235.94	5.8538299999999996e-36	3.689015e-36	5.8538299999999996e-36	3.689015e-36	5.8538299999999996e-36	3.689015e-36
3372.87	6.075125e-36	3.83772e-36	6.075125e-36	3.83772e-36	6.075125e-36	3.83772e-36
3515.6	6.304039999999999e-36	3.9920950000000006e-36	6.304039999999999e-36	3.9920950000000006e-36	6.304039999999999e-36	3.9920950000000006e-36
3664.38	6.540770000000001e-36	4.15233e-36	6.540770000000001e-36	4.15233e-36	6.540770000000001e-36	4.15233e-36
3819.44	6.78557e-36	4.318625e-36	6.78557e-36	4.318625e-36	6.78557e-36	4.318625e-36
3981.07	7.038625e-36	4.491185e-36	7.038625e-36	4.491185e-36	7.038625e-36	4.491185e-36
4149.54	7.300175e-36	4.6702049999999995e-36	7.300175e-36	4.6702049999999995e-36	7.300175e-36	4.6702049999999995e-36
4325.14	7.570445e-36	4.855925e-36	7.570445e-36	4.855925e-36	7.570445e-36	4.855925e-36
4508.17	7.849665e-36	5.048545e-36	7.849665e-36	5.048545e-36	7.849665e-36	5.048545e-36
4698.94	8.138065e-36	5.2483e-36	8.138065e-36	5.2483e-36	8.138065e-36	5.2483e-36
4897.79	8.43589e-36	5.4554199999999997e-36	8.43589e-36	5.4554199999999997e-36	8.43589e-36	5.4554199999999997e-36
5105.05	8.743374999999999e-36	5.670125e-36	8.743374999999999e-36	5.670125e-36	8.743374999999999e-36	5.670125e-36
5321.08	9.060754999999999e-36	5.8926750000000004e-36	9.060754999999999e-36	5.8926750000000004e-36	9.060754999999999e-36	5.8926750000000004e-36
5546.26	9.38828e-36	6.12331e-36	9.38828e-36	6.12331e-36	9.38828e-36	6.12331e-36
5780.96	9.7262e-36	6.362295e-36	9.7262e-36	6.362295e-36	9.7262e-36	6.362295e-36
6025.6	1.0074734999999999e-35	6.609865e-36	1.0074734999999999e-35	6.609865e-36	1.0074734999999999e-35	6.609865e-36
6280.58	1.04342e-35	6.866295e-36	1.04342e-35	6.866295e-36	1.04342e-35	6.866295e-36
6546.36	1.08048e-35	7.131870000000001e-36	1.08048e-35	7.131870000000001e-36	1.08048e-35	7.131870000000001e-36
6823.39	1.118675e-35	7.406835000000001e-36	1.118675e-35	7.406835000000001e-36	1.118675e-35	7.406835000000001e-36
7112.14	1.15804e-35	7.6915e-36	1.15804e-35	7.6915e-36	1.15804e-35	7.6915e-36
7413.1	1.198595e-35	7.986125e-36	1.198595e-35	7.986125e-36	1.198595e-35	7.986125e-36
7726.81	1.240365e-35	8.29103e-36	1.240365e-35	8.29103e-36	1.240365e-35	8.29103e-36
8053.78	1.28338e-35	8.60649e-36	1.28338e-35	8.60649e-36	1.28338e-35	8.60649e-36
8394.6	1.327665e-35	8.93282e-36	1.327665e-35	8.93282e-36	1.327665e-35	8.93282e-36
8749.84	1.37325e-35	9.270315000000001e-36	1.37325e-35	9.270315000000001e-36	1.37325e-35	9.270315000000001e-36
9120.11	1.42016e-35	9.61931e-36	1.42016e-35	9.61931e-36	1.42016e-35	9.61931e-36
9506.05	1.468415e-35	9.98008e-36	1.468415e-35	9.98008e-36	1.468415e-35	9.98008e-36
9908.32	1.51805e-35	1.0353e-35	1.51805e-35	1.0353e-35	1.51805e-35	1.0353e-35
10327.6	1.569095e-35	1.07384e-35	1.569095e-35	1.07384e-35	1.569095e-35	1.07384e-35
10764.7	1.62157e-35	1.11366e-35	1.62157e-35	1.11366e-35	1.62157e-35	1.11366e-35
11220.2	1.675505e-35	1.154795e-35	1.675505e-35	1.154795e-35	1.675505e-35	1.154795e-35
11695.0	1.73093e-35	1.197275e-35	1.73093e-35	1.197275e-35	1.73093e-35	1.197275e-35
12189.9	1.78787e-35	1.2411449999999998e-35	1.78787e-35	1.2411449999999998e-35	1.78787e-35	1.2411449999999998e-35
12705.7	1.84635e-35	1.2864250000000002e-35	1.84635e-35	1.2864250000000002e-35	1.84635e-35	1.2864250000000002e-35
13243.4	1.906405e-35	1.33317e-35	1.906405e-35	1.33317e-35	1.906405e-35	1.33317e-35
13803.8	1.9680600000000002e-35	1.381405e-35	1.9680600000000002e-35	1.381405e-35	1.9680600000000002e-35	1.381405e-35
14388.0	2.03135e-35	1.4311699999999998e-35	2.03135e-35	1.4311699999999998e-35	2.03135e-35	1.4311699999999998e-35
14996.8	2.096295e-35	1.4825049999999998e-35	2.096295e-35	1.4825049999999998e-35	2.096295e-35	1.4825049999999998e-35
15631.5	2.16293e-35	1.53544e-35	2.16293e-35	1.53544e-35	2.16293e-35	1.53544e-35
16293.0	2.2312749999999998e-35	1.590025e-35	2.2312749999999998e-35	1.590025e-35	2.2312749999999998e-35	1.590025e-35
16982.4	2.301375e-35	1.64629e-35	2.301375e-35	1.64629e-35	2.301375e-35	1.64629e-35
17701.1	2.37324e-35	1.7042799999999998e-35	2.37324e-35	1.7042799999999998e-35	2.37324e-35	1.7042799999999998e-35
18450.2	2.446915e-35	1.7640350000000001e-35	2.446915e-35	1.7640350000000001e-35	2.446915e-35	1.7640350000000001e-35
19230.9	2.522425e-35	1.825595e-35	2.522425e-35	1.825595e-35	2.522425e-35	1.825595e-35
20044.7	2.599805e-35	1.8890050000000002e-35	2.599805e-35	1.8890050000000002e-35	2.599805e-35	1.8890050000000002e-35
20893.0	2.67908e-35	1.95429e-35	2.67908e-35	1.95429e-35	2.67908e-35	1.95429e-35
21777.1	2.76028e-35	2.02152e-35	2.76028e-35	2.02152e-35	2.76028e-35	2.02152e-35
22698.6	2.8434449999999997e-35	2.0907150000000001e-35	2.8434449999999997e-35	2.0907150000000001e-35	2.8434449999999997e-35	2.0907150000000001e-35
23659.2	2.9286000000000004e-35	2.16193e-35	2.9286000000000004e-35	2.16193e-35	2.9286000000000004e-35	2.16193e-35
24660.4	3.015775e-35	2.2352e-35	3.015775e-35	2.2352e-35	3.015775e-35	2.2352e-35
25704.0	3.1049999999999997e-35	2.310565e-35	3.1049999999999997e-35	2.310565e-35	3.1049999999999997e-35	2.310565e-35
26791.7	3.196315e-35	2.38809e-35	3.196315e-35	2.38809e-35	3.196315e-35	2.38809e-35
27925.4	3.28976e-35	2.467795e-35	3.28976e-35	2.467795e-35	3.28976e-35	2.467795e-35
29107.2	3.38536e-35	2.549745e-35	3.38536e-35	2.549745e-35	3.38536e-35	2.549745e-35
30338.9	3.4831450000000004e-35	2.633985e-35	3.4831450000000004e-35	2.633985e-35	3.4831450000000004e-35	2.633985e-35
31622.8	3.583155e-35	2.720545e-35	3.583155e-35	2.720545e-35	3.583155e-35	2.720545e-35
32961.0	3.68542e-35	2.80948e-35	3.68542e-35	2.80948e-35	3.68542e-35	2.80948e-35
34355.8	3.7899950000000004e-35	2.900845e-35	3.7899950000000004e-35	2.900845e-35	3.7899950000000004e-35	2.900845e-35
35809.6	3.8968950000000003e-35	2.994685e-35	3.8968950000000003e-35	2.994685e-35	3.8968950000000003e-35	2.994685e-35
37325.0	4.00616e-35	3.091035e-35	4.00616e-35	3.091035e-35	4.00616e-35	3.091035e-35
38904.5	4.11784e-35	3.1899600000000003e-35	4.11784e-35	3.1899600000000003e-35	4.11784e-35	3.1899600000000003e-35
40550.9	4.231955e-35	3.2915e-35	4.231955e-35	3.2915e-35	4.231955e-35	3.2915e-35
42266.9	4.348555e-35	3.3957e-35	4.348555e-35	3.3957e-35	4.348555e-35	3.3957e-35
44055.5	4.467685e-35	3.502625e-35	4.467685e-35	3.502625e-35	4.467685e-35	3.502625e-35
45919.8	4.589375e-35	3.612315e-35	4.589375e-35	3.612315e-35	4.589375e-35	3.612315e-35
47863.0	4.713675e-35	3.724815e-35	4.713675e-35	3.724815e-35	4.713675e-35	3.724815e-35
49888.4	4.840615e-35	3.840205e-35	4.840615e-35	3.840205e-35	4.840615e-35	3.840205e-35
51999.6	4.97026e-35	3.9585e-35	4.97026e-35	3.9585e-35	4.97026e-35	3.9585e-35
54200.1	5.102635e-35	4.07979e-35	5.102635e-35	4.07979e-35	5.102635e-35	4.07979e-35
56493.7	5.237765e-35	4.20408e-35	5.237765e-35	4.20408e-35	5.237765e-35	4.20408e-35
58884.4	5.375730000000001e-35	4.33146e-35	5.375730000000001e-35	4.33146e-35	5.375730000000001e-35	4.33146e-35
61376.2	5.516575e-35	4.461985e-35	5.516575e-35	4.461985e-35	5.516575e-35	4.461985e-35
63973.5	5.660325e-35	4.59569e-35	5.660325e-35	4.59569e-35	5.660325e-35	4.59569e-35
66680.7	5.807049999999999e-35	4.73265e-35	5.807049999999999e-35	4.73265e-35	5.807049999999999e-35	4.73265e-35
69502.4	5.956785e-35	4.872910000000001e-35	5.956785e-35	4.872910000000001e-35	5.956785e-35	4.872910000000001e-35
72443.6	6.109585e-35	5.01653e-35	6.109585e-35	5.01653e-35	6.109585e-35	5.01653e-35
75509.2	6.2655e-35	5.163565e-35	6.2655e-35	5.163565e-35	6.2655e-35	5.163565e-35
78704.6	6.424585e-35	5.314075000000001e-35	6.424585e-35	5.314075000000001e-35	6.424585e-35	5.314075000000001e-35
82035.2	6.586885000000001e-35	5.468105e-35	6.586885000000001e-35	5.468105e-35	6.586885000000001e-35	5.468105e-35
85506.7	6.752445e-35	5.62573e-35	6.752445e-35	5.62573e-35	6.752445e-35	5.62573e-35
89125.1	6.921365e-35	5.787025e-35	6.921365e-35	5.787025e-35	6.921365e-35	5.787025e-35
92896.6	7.09366e-35	5.95202e-35	7.09366e-35	5.95202e-35	7.09366e-35	5.95202e-35
96827.8	7.269394999999999e-35	6.1208e-35	7.269394999999999e-35	6.1208e-35	7.269394999999999e-35	6.1208e-35
100925.0	7.448635e-35	6.293405e-35	7.448635e-35	6.293405e-35	7.448635e-35	6.293405e-35
105196.0	7.631420000000001e-35	6.469909999999999e-35	7.631420000000001e-35	6.469909999999999e-35	7.631420000000001e-35	6.469909999999999e-35
109648.0	7.817865e-35	6.65038e-35	7.817865e-35	6.65038e-35	7.817865e-35	6.65038e-35
114288.0	8.007980000000001e-35	6.834875000000001e-35	8.007980000000001e-35	6.834875000000001e-35	8.007980000000001e-35	6.834875000000001e-35
119124.0	8.20183e-35	7.023450000000001e-35	8.20183e-35	7.023450000000001e-35	8.20183e-35	7.023450000000001e-35
124165.0	8.3995e-35	7.216200000000001e-35	8.3995e-35	7.216200000000001e-35	8.3995e-35	7.216200000000001e-35
129420.0	8.601055000000001e-35	7.413165000000001e-35	8.601055000000001e-35	7.413165000000001e-35	8.601055000000001e-35	7.413165000000001e-35
134896.0	8.80656e-35	7.61443e-35	8.80656e-35	7.61443e-35	8.80656e-35	7.61443e-35
140605.0	9.016075000000001e-35	7.820055e-35	9.016075000000001e-35	7.820055e-35	9.016075000000001e-35	7.820055e-35
146555.0	9.22968e-35	8.03012e-35	9.22968e-35	8.03012e-35	9.22968e-35	8.03012e-35
152757.0	9.447435e-35	8.244664999999999e-35	9.447435e-35	8.244664999999999e-35	9.447435e-35	8.244664999999999e-35
159221.0	9.669425e-35	8.463795e-35	9.669425e-35	8.463795e-35	9.669425e-35	8.463795e-35
165959.0	9.89574e-35	8.687585e-35	9.89574e-35	8.687585e-35	9.89574e-35	8.687585e-35
172982.0	1.01264e-34	8.91609e-35	1.01264e-34	8.91609e-35	1.01264e-34	8.91609e-35
180302.0	1.03615e-34	9.149379999999999e-35	1.03615e-34	9.149379999999999e-35	1.03615e-34	9.149379999999999e-35
187932.0	1.060115e-34	9.38754e-35	1.060115e-34	9.38754e-35	1.060115e-34	9.38754e-35
195884.0	1.08454e-34	9.63064e-35	1.08454e-34	9.63064e-35	1.08454e-34	9.63064e-35
204174.0	1.10944e-34	9.878774999999998e-35	1.10944e-34	9.878774999999998e-35	1.10944e-34	9.878774999999998e-35
212814.0	1.134815e-34	1.0132e-34	1.134815e-34	1.0132e-34	1.134815e-34	1.0132e-34
221820.0	1.16067e-34	1.039045e-34	1.16067e-34	1.039045e-34	1.16067e-34	1.039045e-34
231206.0	1.187025e-34	1.06541e-34	1.187025e-34	1.06541e-34	1.187025e-34	1.06541e-34
240991.0	1.213875e-34	1.0923149999999998e-34	1.213875e-34	1.0923149999999998e-34	1.213875e-34	1.0923149999999998e-34
251189.0	1.241245e-34	1.1197650000000002e-34	1.241245e-34	1.1197650000000002e-34	1.241245e-34	1.1197650000000002e-34
261818.0	1.269135e-34	1.14776e-34	1.269135e-34	1.14776e-34	1.269135e-34	1.14776e-34
272898.0	1.29755e-34	1.1763199999999998e-34	1.29755e-34	1.1763199999999998e-34	1.29755e-34	1.1763199999999998e-34
284446.0	1.32651e-34	1.20545e-34	1.32651e-34	1.20545e-34	1.32651e-34	1.20545e-34
296483.0	1.3560099999999999e-34	1.2351500000000002e-34	1.3560099999999999e-34	1.2351500000000002e-34	1.3560099999999999e-34	1.2351500000000002e-34
309030.0	1.386075e-34	1.26544e-34	1.386075e-34	1.26544e-34	1.386075e-34	1.26544e-34
322107.0	1.4166999999999999e-34	1.296325e-34	1.4166999999999999e-34	1.296325e-34	1.4166999999999999e-34	1.296325e-34
335738.0	1.447905e-34	1.32782e-34	1.447905e-34	1.32782e-34	1.447905e-34	1.32782e-34
349945.0	1.479695e-34	1.359925e-34	1.479695e-34	1.359925e-34	1.479695e-34	1.359925e-34
364754.0	1.5120849999999999e-34	1.3926599999999998e-34	1.5120849999999999e-34	1.3926599999999998e-34	1.5120849999999999e-34	1.3926599999999998e-34
380189.0	1.5450799999999998e-34	1.426025e-34	1.5450799999999998e-34	1.426025e-34	1.5450799999999998e-34	1.426025e-34
396278.0	1.578695e-34	1.46003e-34	1.578695e-34	1.46003e-34	1.578695e-34	1.46003e-34
413048.0	1.61294e-34	1.4946949999999999e-34	1.61294e-34	1.4946949999999999e-34	1.61294e-34	1.4946949999999999e-34
430527.0	1.64782e-34	1.53002e-34	1.64782e-34	1.53002e-34	1.64782e-34	1.53002e-34
448745.0	1.68336e-34	1.566025e-34	1.68336e-34	1.566025e-34	1.68336e-34	1.566025e-34
467735.0	1.7195500000000002e-34	1.602705e-34	1.7195500000000002e-34	1.602705e-34	1.7195500000000002e-34	1.602705e-34
487528.0	1.756415e-34	1.6400849999999999e-34	1.756415e-34	1.6400849999999999e-34	1.756415e-34	1.6400849999999999e-34
508159.0	1.793965e-34	1.678175e-34	1.793965e-34	1.678175e-34	1.793965e-34	1.678175e-34
529663.0	1.832205e-34	1.71698e-34	1.832205e-34	1.71698e-34	1.832205e-34	1.71698e-34
552077.0	1.8711600000000001e-34	1.75651e-34	1.8711600000000001e-34	1.75651e-34	1.8711600000000001e-34	1.75651e-34
575440.0	1.91083e-34	1.7967800000000002e-34	1.91083e-34	1.7967800000000002e-34	1.91083e-34	1.7967800000000002e-34
599791.0	1.951235e-34	1.8378e-34	1.951235e-34	1.8378e-34	1.951235e-34	1.8378e-34
625173.0	1.992375e-34	1.87958e-34	1.992375e-34	1.87958e-34	1.992375e-34	1.87958e-34
651628.0	2.03428e-34	1.92214e-34	2.03428e-34	1.92214e-34	2.03428e-34	1.92214e-34
679204.0	2.0769450000000002e-34	1.96548e-34	2.0769450000000002e-34	1.96548e-34	2.0769450000000002e-34	1.96548e-34
707946.0	2.120395e-34	2.009625e-34	2.120395e-34	2.009625e-34	2.120395e-34	2.009625e-34
737904.0	2.16464e-34	2.054575e-34	2.16464e-34	2.054575e-34	2.16464e-34	2.054575e-34
769130.0	2.2096899999999997e-34	2.10035e-34	2.2096899999999997e-34	2.10035e-34	2.2096899999999997e-34	2.10035e-34
801678.0	2.25556e-34	2.146955e-34	2.25556e-34	2.146955e-34	2.25556e-34	2.146955e-34
835603.0	2.3022699999999998e-34	2.1944249999999997e-34	2.3022699999999998e-34	2.1944249999999997e-34	2.3022699999999998e-34	2.1944249999999997e-34
870964.0	2.349815e-34	2.2427300000000002e-34	2.349815e-34	2.2427300000000002e-34	2.349815e-34	2.2427300000000002e-34
907821.0	2.398225e-34	2.2919250000000002e-34	2.398225e-34	2.2919250000000002e-34	2.398225e-34	2.2919250000000002e-34
946237.0	2.447515e-34	2.342005e-34	2.447515e-34	2.342005e-34	2.447515e-34	2.342005e-34
986279.0	2.49769e-34	2.39299e-34	2.49769e-34	2.39299e-34	2.49769e-34	2.39299e-34
1028020.0	2.548765e-34	2.4448799999999997e-34	2.548765e-34	2.4448799999999997e-34	2.548765e-34	2.4448799999999997e-34
1071520.0	2.600775e-34	2.497715e-34	2.600775e-34	2.497715e-34	2.600775e-34	2.497715e-34
1116860.0	2.653705e-34	2.5514800000000002e-34	2.653705e-34	2.5514800000000002e-34	2.653705e-34	2.5514800000000002e-34
1164130.0	2.707585e-34	2.606215e-34	2.707585e-34	2.606215e-34	2.707585e-34	2.606215e-34
1213390.0	2.76243e-34	2.66191e-34	2.76243e-34	2.66191e-34	2.76243e-34	2.66191e-34
1264740.0	2.8182500000000002e-34	2.7186e-34	2.8182500000000002e-34	2.7186e-34	2.8182500000000002e-34	2.7186e-34
1318260.0	2.87508e-34	2.77629e-34	2.87508e-34	2.77629e-34	2.87508e-34	2.77629e-34
1374040.0	2.9329e-34	2.835e-34	2.9329e-34	2.835e-34	2.9329e-34	2.835e-34
1432190.0	2.99175e-34	2.8947399999999997e-34	2.99175e-34	2.8947399999999997e-34	2.99175e-34	2.8947399999999997e-34
1492790.0	3.051645e-34	2.95553e-34	3.051645e-34	2.95553e-34	3.051645e-34	2.95553e-34
1555970.0	3.1126000000000002e-34	3.01739e-34	3.1126000000000002e-34	3.01739e-34	3.1126000000000002e-34	3.01739e-34
1621810.0	3.174625e-34	3.08032e-34	3.174625e-34	3.08032e-34	3.174625e-34	3.08032e-34
1690440.0	3.2377500000000002e-34	3.14435e-34	3.2377500000000002e-34	3.14435e-34	3.2377500000000002e-34	3.14435e-34
1761980.0	3.30198e-34	3.209495e-34	3.30198e-34	3.209495e-34	3.30198e-34	3.209495e-34
1836540.0	3.367335e-34	3.275775e-34	3.367335e-34	3.275775e-34	3.367335e-34	3.275775e-34
1914260.0	3.43384e-34	3.343195e-34	3.43384e-34	3.343195e-34	3.43384e-34	3.343195e-34
1995260.0	3.501505e-34	3.4117850000000003e-34	3.501505e-34	3.4117850000000003e-34	3.501505e-34	3.4117850000000003e-34
2079700.0	3.5703400000000002e-34	3.48155e-34	3.5703400000000002e-34	3.48155e-34	3.5703400000000002e-34	3.48155e-34
2167700.0	3.64038e-34	3.55252e-34	3.64038e-34	3.55252e-34	3.64038e-34	3.55252e-34
2259440.0	3.7116350000000003e-34	3.6247049999999997e-34	3.7116350000000003e-34	3.6247049999999997e-34	3.7116350000000003e-34	3.6247049999999997e-34
2355050.0	3.78412e-34	3.6981249999999998e-34	3.78412e-34	3.6981249999999998e-34	3.78412e-34	3.6981249999999998e-34
2454710.0	3.857865e-34	3.7728e-34	3.857865e-34	3.7728e-34	3.857865e-34	3.7728e-34
2558590.0	3.93288e-34	3.848755e-34	3.93288e-34	3.848755e-34	3.93288e-34	3.848755e-34
2666860.0	4.00919e-34	3.9259949999999995e-34	4.00919e-34	3.9259949999999995e-34	4.00919e-34	3.9259949999999995e-34
2779710.0	4.0868049999999995e-34	4.0045449999999996e-34	4.0868049999999995e-34	4.0045449999999996e-34	4.0868049999999995e-34	4.0045449999999996e-34
2897340.0	4.165755e-34	4.0844249999999996e-34	4.165755e-34	4.0844249999999996e-34	4.165755e-34	4.0844249999999996e-34
3019950.0	4.24605e-34	4.165655e-34	4.24605e-34	4.165655e-34	4.24605e-34	4.165655e-34
3147750.0	4.32772e-34	4.248255e-34	4.32772e-34	4.248255e-34	4.32772e-34	4.248255e-34
3280950.0	4.410785e-34	4.332245e-34	4.410785e-34	4.332245e-34	4.410785e-34	4.332245e-34
3419790.0	4.495255e-34	4.417645e-34	4.495255e-34	4.417645e-34	4.495255e-34	4.417645e-34
3564510.0	4.5811600000000005e-34	4.50448e-34	4.5811600000000005e-34	4.50448e-34	4.5811600000000005e-34	4.50448e-34
3715350.0	4.668525e-34	4.59276e-34	4.668525e-34	4.59276e-34	4.668525e-34	4.59276e-34
3872580.0	4.757365e-34	4.68252e-34	4.757365e-34	4.68252e-34	4.757365e-34	4.68252e-34
4036450.0	4.8477e-34	4.773774999999999e-34	4.8477e-34	4.773774999999999e-34	4.8477e-34	4.773774999999999e-34
4207270.0	4.9395549999999995e-34	4.86655e-34	4.9395549999999995e-34	4.86655e-34	4.9395549999999995e-34	4.86655e-34
4385310.0	5.032955e-34	4.96085e-34	5.032955e-34	4.96085e-34	5.032955e-34	4.96085e-34
4570880.0	5.127915e-34	5.05672e-34	5.127915e-34	5.05672e-34	5.127915e-34	5.05672e-34
4764310.0	5.22447e-34	5.15417e-34	5.22447e-34	5.15417e-34	5.22447e-34	5.15417e-34
4965920.0	5.32263e-34	5.253235e-34	5.32263e-34	5.253235e-34	5.32263e-34	5.253235e-34
5176070.0	5.422435e-34	5.353925e-34	5.422435e-34	5.353925e-34	5.422435e-34	5.353925e-34
5395110.0	5.523890000000001e-34	5.4562699999999995e-34	5.523890000000001e-34	5.4562699999999995e-34	5.523890000000001e-34	5.4562699999999995e-34
5623410.0	5.6270149999999995e-34	5.560285e-34	5.6270149999999995e-34	5.560285e-34	5.6270149999999995e-34	5.560285e-34
5861380.0	5.731864999999999e-34	5.666005e-34	5.731864999999999e-34	5.666005e-34	5.731864999999999e-34	5.666005e-34
6109420.0	5.838435e-34	5.773450000000001e-34	5.838435e-34	5.773450000000001e-34	5.838435e-34	5.773450000000001e-34
6367960.0	5.946775e-34	5.88265e-34	5.946775e-34	5.88265e-34	5.946775e-34	5.88265e-34
6637430.0	6.056925000000001e-34	5.993665e-34	6.056925000000001e-34	5.993665e-34	6.056925000000001e-34	5.993665e-34
6918310.0	6.168795e-34	6.106385e-34	6.168795e-34	6.106385e-34	6.168795e-34	6.106385e-34
7211070.0	6.28254e-34	6.220985e-34	6.28254e-34	6.220985e-34	6.28254e-34	6.220985e-34
7516230.0	6.39815e-34	6.337435e-34	6.39815e-34	6.337435e-34	6.39815e-34	6.337435e-34
7834300.0	6.5156550000000005e-34	6.455775e-34	6.5156550000000005e-34	6.455775e-34	6.5156550000000005e-34	6.455775e-34
8165820.0	6.63505e-34	6.576e-34	6.63505e-34	6.576e-34	6.63505e-34	6.576e-34
8511380.0	6.7564e-34	6.6981749999999996e-34	6.7564e-34	6.6981749999999996e-34	6.7564e-34	6.6981749999999996e-34
8871560.0	6.879705e-34	6.822295e-34	6.879705e-34	6.822295e-34	6.879705e-34	6.822295e-34
9246980.0	7.0050099999999995e-34	6.94841e-34	7.0050099999999995e-34	6.94841e-34	7.0050099999999995e-34	6.94841e-34
9638290.0	7.13233e-34	7.07654e-34	7.13233e-34	7.07654e-34	7.13233e-34	7.07654e-34
10046200.0	7.261705e-34	7.20671e-34	7.261705e-34	7.20671e-34	7.261705e-34	7.20671e-34
10471300.0	7.393165e-34	7.338955000000001e-34	7.393165e-34	7.338955000000001e-34	7.393165e-34	7.338955000000001e-34
10914400.0	7.526719999999999e-34	7.473295e-34	7.526719999999999e-34	7.473295e-34	7.526719999999999e-34	7.473295e-34
11376300.0	7.662415e-34	7.609765e-34	7.662415e-34	7.609765e-34	7.662415e-34	7.609765e-34
11857700.0	7.80028e-34	7.748394999999999e-34	7.80028e-34	7.748394999999999e-34	7.80028e-34	7.748394999999999e-34
12359500.0	7.940345000000001e-34	7.88922e-34	7.940345000000001e-34	7.88922e-34	7.940345000000001e-34	7.88922e-34
12882500.0	8.08263e-34	8.03226e-34	8.08263e-34	8.03226e-34	8.08263e-34	8.03226e-34
13427600.0	8.227175e-34	8.177555e-34	8.227175e-34	8.177555e-34	8.227175e-34	8.177555e-34
13995900.0	8.37401e-34	8.325125000000001e-34	8.37401e-34	8.325125000000001e-34	8.37401e-34	8.325125000000001e-34
14588100.0	8.523175000000001e-34	8.475015e-34	8.523175000000001e-34	8.475015e-34	8.523175000000001e-34	8.475015e-34
15205500.0	8.674675e-34	8.62724e-34	8.674675e-34	8.62724e-34	8.674675e-34	8.62724e-34
15848900.0	8.82857e-34	8.781854999999999e-34	8.82857e-34	8.781854999999999e-34	8.82857e-34	8.781854999999999e-34
16519600.0	8.984885e-34	8.938870000000001e-34	8.984885e-34	8.938870000000001e-34	8.984885e-34	8.938870000000001e-34
17218700.0	9.14365e-34	9.09834e-34	9.14365e-34	9.09834e-34	9.14365e-34	9.09834e-34
17947300.0	9.30489e-34	9.260275e-34	9.30489e-34	9.260275e-34	9.30489e-34	9.260275e-34
18706800.0	9.46866e-34	9.42473e-34	9.46866e-34	9.42473e-34	9.46866e-34	9.42473e-34
19498400.0	9.63497e-34	9.591705e-34	9.63497e-34	9.591705e-34	9.63497e-34	9.591705e-34
20323600.0	9.803865e-34	9.76128e-34	9.803865e-34	9.76128e-34	9.803865e-34	9.76128e-34
21183600.0	9.97539e-34	9.933465e-34	9.97539e-34	9.933465e-34	9.97539e-34	9.933465e-34
22080000.0	1.014955e-33	1.01083e-33	1.014955e-33	1.01083e-33	1.014955e-33	1.01083e-33
23014400.0	1.032645e-33	1.02858e-33	1.032645e-33	1.02858e-33	1.032645e-33	1.02858e-33
23988300.0	1.050605e-33	1.046605e-33	1.050605e-33	1.046605e-33	1.050605e-33	1.046605e-33
25003500.0	1.06884e-33	1.0649049999999999e-33	1.06884e-33	1.0649049999999999e-33	1.06884e-33	1.0649049999999999e-33
26061500.0	1.08736e-33	1.08349e-33	1.08736e-33	1.08349e-33	1.08736e-33	1.08349e-33
27164400.0	1.10616e-33	1.1023500000000001e-33	1.10616e-33	1.1023500000000001e-33	1.10616e-33	1.1023500000000001e-33
28313900.0	1.1252450000000001e-33	1.1215e-33	1.1252450000000001e-33	1.1215e-33	1.1252450000000001e-33	1.1215e-33
29512100.0	1.14463e-33	1.14094e-33	1.14463e-33	1.14094e-33	1.14463e-33	1.14094e-33
30761000.0	1.164305e-33	1.16067e-33	1.164305e-33	1.16067e-33	1.164305e-33	1.16067e-33
32062700.0	1.18428e-33	1.18071e-33	1.18428e-33	1.18071e-33	1.18428e-33	1.18071e-33
33419500.0	1.20456e-33	1.2010399999999999e-33	1.20456e-33	1.2010399999999999e-33	1.20456e-33	1.2010399999999999e-33
34833700.0	1.225145e-33	1.22169e-33	1.225145e-33	1.22169e-33	1.225145e-33	1.22169e-33
36307800.0	1.24604e-33	1.24264e-33	1.24604e-33	1.24264e-33	1.24604e-33	1.24264e-33
37844300.0	1.267255e-33	1.26391e-33	1.267255e-33	1.26391e-33	1.267255e-33	1.26391e-33
39445700.0	1.2887900000000001e-33	1.2854999999999999e-33	1.2887900000000001e-33	1.2854999999999999e-33	1.2887900000000001e-33	1.2854999999999999e-33
41115000.0	1.31065e-33	1.307415e-33	1.31065e-33	1.307415e-33	1.31065e-33	1.307415e-33
42854900.0	1.332835e-33	1.32965e-33	1.332835e-33	1.32965e-33	1.332835e-33	1.32965e-33
44668400.0	1.35535e-33	1.35222e-33	1.35535e-33	1.35222e-33	1.35535e-33	1.35222e-33
46558600.0	1.378205e-33	1.375125e-33	1.378205e-33	1.375125e-33	1.378205e-33	1.375125e-33
48528900.0	1.40141e-33	1.39838e-33	1.40141e-33	1.39838e-33	1.40141e-33	1.39838e-33
50582500.0	1.424945e-33	1.42197e-33	1.424945e-33	1.42197e-33	1.424945e-33	1.42197e-33
52723000.0	1.44884e-33	1.4459100000000001e-33	1.44884e-33	1.4459100000000001e-33	1.44884e-33	1.4459100000000001e-33
54954100.0	1.4730849999999999e-33	1.470205e-33	1.4730849999999999e-33	1.470205e-33	1.4730849999999999e-33	1.470205e-33
57279600.0	1.4976949999999999e-33	1.4948649999999999e-33	1.4976949999999999e-33	1.4948649999999999e-33	1.4976949999999999e-33	1.4948649999999999e-33
59703500.0	1.52267e-33	1.519885e-33	1.52267e-33	1.519885e-33	1.52267e-33	1.519885e-33
62230000.0	1.54801e-33	1.545275e-33	1.54801e-33	1.545275e-33	1.54801e-33	1.545275e-33
64863400.0	1.573725e-33	1.571035e-33	1.573725e-33	1.571035e-33	1.573725e-33	1.571035e-33
67608300.0	1.59982e-33	1.597175e-33	1.59982e-33	1.597175e-33	1.59982e-33	1.597175e-33
70469300.0	1.626295e-33	1.623695e-33	1.626295e-33	1.623695e-33	1.626295e-33	1.623695e-33
73451400.0	1.653155e-33	1.650605e-33	1.653155e-33	1.650605e-33	1.653155e-33	1.650605e-33
76559700.0	1.68042e-33	1.677905e-33	1.68042e-33	1.677905e-33	1.68042e-33	1.677905e-33
79799500.0	1.708075e-33	1.7056050000000002e-33	1.708075e-33	1.7056050000000002e-33	1.708075e-33	1.7056050000000002e-33
83176400.0	1.736135e-33	1.733705e-33	1.736135e-33	1.733705e-33	1.736135e-33	1.733705e-33
86696200.0	1.7645999999999998e-33	1.762215e-33	1.7645999999999998e-33	1.762215e-33	1.7645999999999998e-33	1.762215e-33
90364900.0	1.7934849999999997e-33	1.791145e-33	1.7934849999999997e-33	1.791145e-33	1.7934849999999997e-33	1.791145e-33
94189000.0	1.82279e-33	1.820485e-33	1.82279e-33	1.820485e-33	1.82279e-33	1.820485e-33
98174800.0	1.8525199999999998e-33	1.850255e-33	1.8525199999999998e-33	1.850255e-33	1.8525199999999998e-33	1.850255e-33
102329000.0	1.8826750000000002e-33	1.8804499999999997e-33	1.8826750000000002e-33	1.8804499999999997e-33	1.8826750000000002e-33	1.8804499999999997e-33
106660000.0	1.913265e-33	1.91108e-33	1.913265e-33	1.91108e-33	1.913265e-33	1.91108e-33
111173000.0	1.9443000000000003e-33	1.942155e-33	1.9443000000000003e-33	1.942155e-33	1.9443000000000003e-33	1.942155e-33
115878000.0	1.97578e-33	1.97367e-33	1.97578e-33	1.97367e-33	1.97578e-33	1.97367e-33
120781000.0	2.007715e-33	2.00564e-33	2.007715e-33	2.00564e-33	2.007715e-33	2.00564e-33
125893000.0	2.0401050000000002e-33	2.0380699999999998e-33	2.0401050000000002e-33	2.0380699999999998e-33	2.0401050000000002e-33	2.0380699999999998e-33
131220000.0	2.072965e-33	2.0709600000000002e-33	2.072965e-33	2.0709600000000002e-33	2.072965e-33	2.0709600000000002e-33
136773000.0	2.10629e-33	2.1043249999999998e-33	2.10629e-33	2.1043249999999998e-33	2.10629e-33	2.1043249999999998e-33
142561000.0	2.14009e-33	2.1381599999999997e-33	2.14009e-33	2.1381599999999997e-33	2.14009e-33	2.1381599999999997e-33
148594000.0	2.174375e-33	2.172485e-33	2.174375e-33	2.172485e-33	2.174375e-33	2.172485e-33
154882000.0	2.209145e-33	2.207285e-33	2.209145e-33	2.207285e-33	2.209145e-33	2.207285e-33
161436000.0	2.24441e-33	2.242585e-33	2.24441e-33	2.242585e-33	2.24441e-33	2.242585e-33
168267000.0	2.28018e-33	2.27838e-33	2.28018e-33	2.27838e-33	2.28018e-33	2.27838e-33
175388000.0	2.31645e-33	2.314685e-33	2.31645e-33	2.314685e-33	2.31645e-33	2.314685e-33
182810000.0	2.3532349999999998e-33	2.3515e-33	2.3532349999999998e-33	2.3515e-33	2.3532349999999998e-33	2.3515e-33
190546000.0	2.3905400000000002e-33	2.388835e-33	2.3905400000000002e-33	2.388835e-33	2.3905400000000002e-33	2.388835e-33
198609000.0	2.4283700000000002e-33	2.4267e-33	2.4283700000000002e-33	2.4267e-33	2.4283700000000002e-33	2.4267e-33
207014000.0	2.466735e-33	2.46509e-33	2.466735e-33	2.46509e-33	2.466735e-33	2.46509e-33
215774000.0	2.5056400000000003e-33	2.50402e-33	2.5056400000000003e-33	2.50402e-33	2.5056400000000003e-33	2.50402e-33
224905000.0	2.5450900000000002e-33	2.5435e-33	2.5450900000000002e-33	2.5435e-33	2.5450900000000002e-33	2.5435e-33
234423000.0	2.585085e-33	2.5835300000000003e-33	2.585085e-33	2.5835300000000003e-33	2.585085e-33	2.5835300000000003e-33
244343000.0	2.625645e-33	2.62412e-33	2.625645e-33	2.62412e-33	2.625645e-33	2.62412e-33
254683000.0	2.666775e-33	2.6652749999999998e-33	2.666775e-33	2.6652749999999998e-33	2.666775e-33	2.6652749999999998e-33
265461000.0	2.708495e-33	2.70702e-33	2.708495e-33	2.70702e-33	2.708495e-33	2.70702e-33
276694000.0	2.750765e-33	2.7493149999999998e-33	2.750765e-33	2.7493149999999998e-33	2.750765e-33	2.7493149999999998e-33
288403000.0	2.7936299999999998e-33	2.79221e-33	2.7936299999999998e-33	2.79221e-33	2.7936299999999998e-33	2.79221e-33
300608000.0	2.837095e-33	2.8357e-33	2.837095e-33	2.8357e-33	2.837095e-33	2.8357e-33
313329000.0	2.881165e-33	2.879795e-33	2.881165e-33	2.879795e-33	2.881165e-33	2.879795e-33
326588000.0	2.92584e-33	2.924495e-33	2.92584e-33	2.924495e-33	2.92584e-33	2.924495e-33
340408000.0	2.97114e-33	2.969815e-33	2.97114e-33	2.969815e-33	2.97114e-33	2.969815e-33
354813000.0	3.01706e-33	3.015765e-33	3.01706e-33	3.015765e-33	3.01706e-33	3.015765e-33
369828000.0	3.06362e-33	3.06234e-33	3.06362e-33	3.06234e-33	3.06362e-33	3.06234e-33
385478000.0	3.1108149999999995e-33	3.10956e-33	3.1108149999999995e-33	3.10956e-33	3.1108149999999995e-33	3.10956e-33
401791000.0	3.15866e-33	3.1574350000000004e-33	3.15866e-33	3.1574350000000004e-33	3.15866e-33	3.1574350000000004e-33
418794000.0	3.20716e-33	3.205955e-33	3.20716e-33	3.205955e-33	3.20716e-33	3.205955e-33
436516000.0	3.25634e-33	3.2551499999999996e-33	3.25634e-33	3.2551499999999996e-33	3.25634e-33	3.2551499999999996e-33
454988000.0	3.3061700000000005e-33	3.3050100000000004e-33	3.3061700000000005e-33	3.3050100000000004e-33	3.3061700000000005e-33	3.3050100000000004e-33
474242000.0	3.3566899999999996e-33	3.3555500000000005e-33	3.3566899999999996e-33	3.3555500000000005e-33	3.3566899999999996e-33	3.3555500000000005e-33
494311000.0	3.4079100000000004e-33	3.406785e-33	3.4079100000000004e-33	3.406785e-33	3.4079100000000004e-33	3.406785e-33
515229000.0	3.4598199999999996e-33	3.458715e-33	3.4598199999999996e-33	3.458715e-33	3.4598199999999996e-33	3.458715e-33
537032000.0	3.5124399999999996e-33	3.5113600000000005e-33	3.5124399999999996e-33	3.5113600000000005e-33	3.5124399999999996e-33	3.5113600000000005e-33
559758000.0	3.56578e-33	3.564715e-33	3.56578e-33	3.564715e-33	3.56578e-33	3.564715e-33
583445000.0	3.619835e-33	3.61879e-33	3.619835e-33	3.61879e-33	3.619835e-33	3.61879e-33
608135000.0	3.67463e-33	3.673605e-33	3.67463e-33	3.673605e-33	3.67463e-33	3.673605e-33
633870000.0	3.7301650000000004e-33	3.7291550000000005e-33	3.7301650000000004e-33	3.7291550000000005e-33	3.7301650000000004e-33	3.7291550000000005e-33
660693000.0	3.786455e-33	3.78546e-33	3.786455e-33	3.78546e-33	3.786455e-33	3.78546e-33
688652000.0	3.843505e-33	3.84253e-33	3.843505e-33	3.84253e-33	3.843505e-33	3.84253e-33
717794000.0	3.90132e-33	3.900365e-33	3.90132e-33	3.900365e-33	3.90132e-33	3.900365e-33
748170000.0	3.9599200000000006e-33	3.958985e-33	3.9599200000000006e-33	3.958985e-33	3.9599200000000006e-33	3.958985e-33
779830000.0	4.0193100000000004e-33	4.01839e-33	4.0193100000000004e-33	4.01839e-33	4.0193100000000004e-33	4.01839e-33
812831000.0	4.0795050000000006e-33	4.0785999999999996e-33	4.0795050000000006e-33	4.0785999999999996e-33	4.0795050000000006e-33	4.0785999999999996e-33
847227000.0	4.140495e-33	4.139605e-33	4.140495e-33	4.139605e-33	4.140495e-33	4.139605e-33
883080000.0	4.2023150000000005e-33	4.2014399999999995e-33	4.2023150000000005e-33	4.2014399999999995e-33	4.2023150000000005e-33	4.2014399999999995e-33
920450000.0	4.264955e-33	4.264095e-33	4.264955e-33	4.264095e-33	4.264955e-33	4.264095e-33
959401000.0	4.3284400000000004e-33	4.3275949999999994e-33	4.3284400000000004e-33	4.3275949999999994e-33	4.3284400000000004e-33	4.3275949999999994e-33
1000000000.0	4.39277e-33	4.39194e-33	4.39277e-33	4.39194e-33	4.39277e-33	4.39194e-33
