#E		nu_e		nu_e_bar		nu_mu		nu_mu_bar		nu_tau		nu_tau_bar
2.5		0.0066278		0.00663722		0.00632316		0.00635328		0.00231384		0.0023049
7.5		0.00352134		0.00351934		0.00346068		0.0034712		0.00141288		0.00141228
12.5		0.00273238		0.00274234		0.00268796		0.00270042		0.00116764		0.0011573
17.5		0.00233466		0.00233912		0.00232004		0.00230992		0.0010273		0.00101982
22.5		0.00208834		0.00209548		0.00207004		0.0020592		0.00091438		0.0009208
27.5		0.00189022		0.001895		0.00188388		0.00187492		0.00082676		0.0008275
32.5		0.00174866		0.0017512		0.0017248		0.00174914		0.00075926		0.0007547
37.5		0.0016328		0.00162406		0.0016028		0.00160824		0.00069152		0.00069018
42.5		0.0015217		0.001524		0.00150696		0.00150638		0.0006335		0.00064234
47.5		0.00143484		0.00141856		0.0014162		0.00141384		0.0005849		0.00058408
52.5		0.00134206		0.00134032		0.00133214		0.0013269		0.00053992		0.00053954
57.5		0.00125846		0.00126012		0.00124002		0.00125024		0.00050062		0.00050134
62.5		0.0011859		0.00119306		0.00117812		0.00118124		0.00046646		0.00046304
67.5		0.00112748		0.0011173		0.00111666		0.00111702		0.00043144		0.00043682
72.5		0.00106808		0.00106072		0.00105806		0.00105762		0.00040728		0.00040016
77.5		0.00100864		0.00101226		0.00099808		0.00100052		0.00038264		0.00038734
82.5		0.00095168		0.00094578		0.00095278		0.00093752		0.0003619		0.00036164
87.5		0.00090688		0.00090258		0.00089752		0.00089698		0.00034002		0.0003418
92.5		0.0008613		0.00085694		0.00084948		0.0008507		0.00032094		0.0003235
97.5		0.00081228		0.00081308		0.00079738		0.00080434		0.00030272		0.00030128
102.5		0.00076934		0.00076758		0.00075844		0.00076498		0.00028152		0.00028904
107.5		0.0007288		0.00073058		0.0007245		0.00072748		0.00027178		0.0002694
112.5		0.00069278		0.00069888		0.00068816		0.000692		0.00025736		0.00025796
117.5		0.0006657		0.00066788		0.00065692		0.00065852		0.00024108		0.00024376
122.5		0.0006244		0.0006316		0.00061808		0.00061948		0.00022948		0.00022828
127.5		0.00059094		0.0005991		0.00058978		0.00058836		0.00021578		0.00021908
132.5		0.00057066		0.00056932		0.0005664		0.00056658		0.00020218		0.00020412
137.5		0.0005431		0.0005403		0.00053098		0.00054176		0.00018968		0.00019832
142.5		0.00051402		0.0005145		0.00051064		0.0005073		0.00018676		0.00018174
147.5		0.00049308		0.00049352		0.00048476		0.00048618		0.0001721		0.00017246
152.5		0.00046968		0.0004674		0.00045642		0.00046666		0.0001636		0.00016298
157.5		0.00044244		0.00044324		0.00044248		0.00043724		0.0001537		0.00015358
162.5		0.00042688		0.00042636		0.0004243		0.00041952		0.00014714		0.00014894
167.5		0.00040456		0.00040564		0.00040376		0.00039932		0.00013898		0.00013698
172.5		0.00038646		0.00038428		0.00038232		0.00038046		0.00013162		0.0001282
177.5		0.0003705		0.00037346		0.0003636		0.0003658		0.0001227		0.00012384
182.5		0.00035864		0.00034974		0.00034532		0.00035324		0.00011368		0.000118
187.5		0.00033422		0.00033426		0.00033198		0.00033062		0.00010892		0.00010788
192.5		0.00032122		0.00032112		0.00032182		0.0003164		0.00010266		0.00010218
197.5		0.000306		0.00030772		0.00030634		0.0003067		9.43e-05		9.842e-05
202.5		0.00029554		0.00029092		0.0002906		0.0002905		8.766e-05		9.282e-05
207.5		0.00027956		0.0002781		0.00027756		0.00028096		8.518e-05		8.59e-05
212.5		0.00027174		0.00026786		0.00026616		0.00026826		7.842e-05		7.778e-05
217.5		0.00025226		0.00025618		0.000255		0.00025252		7.204e-05		7.364e-05
222.5		0.00024442		0.00024306		0.00024604		0.0002442		6.82e-05		6.694e-05
227.5		0.00023238		0.00023874		0.00023132		0.00023604		6.482e-05		6.608e-05
232.5		0.00022686		0.00022146		0.0002228		0.000226		6.172e-05		6.072e-05
237.5		0.00021936		0.00021892		0.00021516		0.00021348		5.672e-05		5.682e-05
242.5		0.00020966		0.00020866		0.00020652		0.00020612		5.29e-05		5.214e-05
247.5		0.00019892		0.00020226		0.00019916		0.00019768		5.086e-05		5.076e-05
252.5		0.0001889		0.0001924		0.00018878		0.00018756		4.79e-05		4.44e-05
257.5		0.0001802		0.00018478		0.0001818		0.0001847		4.314e-05		4.298e-05
262.5		0.000172		0.00017524		0.00017166		0.00017246		3.794e-05		3.8e-05
267.5		0.00016568		0.00016752		0.00016654		0.00016922		3.708e-05		3.64e-05
272.5		0.000162		0.00015942		0.00016064		0.00015814		3.594e-05		3.422e-05
277.5		0.00015162		0.00015354		0.0001499		0.00015314		3.262e-05		3.252e-05
282.5		0.00014418		0.0001484		0.00014866		0.00014666		2.962e-05		3.03e-05
287.5		0.00014128		0.00013938		0.00014218		0.00014056		2.606e-05		2.676e-05
292.5		0.00013206		0.00013562		0.0001331		0.00013572		2.642e-05		2.42e-05
297.5		0.00012612		0.00012984		0.00013002		0.00012832		2.248e-05		2.28e-05
302.5		0.00012396		0.00012478		0.00012146		0.00012254		2.118e-05		2.102e-05
307.5		0.00011764		0.00011802		0.00011618		0.0001172		1.974e-05		1.99e-05
312.5		0.00011594		0.0001129		0.00011388		0.00011186		1.802e-05		1.832e-05
317.5		0.00010862		0.00010746		0.00010924		0.00010734		1.752e-05		1.69e-05
322.5		0.00010496		0.00010416		0.00010338		0.00010254		1.536e-05		1.488e-05
327.5		0.0001025		9.942e-05		9.96e-05		9.94e-05		1.41e-05		1.382e-05
332.5		9.386e-05		9.376e-05		9.518e-05		9.532e-05		1.248e-05		1.322e-05
337.5		9.086e-05		9.116e-05		9.026e-05		8.88e-05		1.2e-05		1.148e-05
342.5		8.962e-05		8.892e-05		8.734e-05		8.59e-05		1.132e-05		1.122e-05
347.5		8.316e-05		8.262e-05		8.396e-05		8.234e-05		9.5e-06		9.36e-06
352.5		7.964e-05		7.83e-05		7.922e-05		7.764e-05		9.12e-06		9.38e-06
357.5		7.758e-05		7.3e-05		7.422e-05		7.568e-05		8.52e-06		7.66e-06
362.5		7.194e-05		7.258e-05		7.15e-05		7.41e-05		7.12e-06		7.56e-06
367.5		6.708e-05		6.812e-05		6.6e-05		6.906e-05		5.92e-06		6.06e-06
372.5		6.672e-05		6.444e-05		6.488e-05		6.526e-05		7.12e-06		6.5e-06
377.5		6.328e-05		6.412e-05		6.334e-05		6.284e-05		5.94e-06		5.1e-06
382.5		5.81e-05		5.85e-05		5.938e-05		5.97e-05		4.78e-06		4.94e-06
387.5		5.642e-05		6.02e-05		5.794e-05		5.608e-05		4.98e-06		4.38e-06
392.5		5.294e-05		5.54e-05		5.364e-05		5.408e-05		3.84e-06		4.38e-06
397.5		5.044e-05		5.39e-05		5.148e-05		5.212e-05		3.64e-06		3.24e-06
402.5		4.976e-05		4.784e-05		4.812e-05		4.892e-05		3.28e-06		3.46e-06
407.5		4.698e-05		4.498e-05		4.604e-05		4.726e-05		3.28e-06		3.06e-06
412.5		4.466e-05		4.312e-05		4.442e-05		4.34e-05		2.56e-06		2.66e-06
417.5		4.048e-05		4.326e-05		4.174e-05		4.072e-05		2.6e-06		2.32e-06
422.5		3.824e-05		3.796e-05		3.958e-05		3.846e-05		2.04e-06		2.46e-06
427.5		3.698e-05		3.842e-05		3.71e-05		3.606e-05		2.04e-06		2e-06
432.5		3.582e-05		3.506e-05		3.544e-05		3.6e-05		2e-06		2.26e-06
437.5		3.44e-05		3.148e-05		3.264e-05		3.332e-05		1.78e-06		1.6e-06
442.5		3.452e-05		3.174e-05		3.148e-05		3.136e-05		1.44e-06		1.78e-06
447.5		2.974e-05		3.012e-05		2.954e-05		2.962e-05		1.42e-06		1.6e-06
452.5		2.868e-05		2.858e-05		2.87e-05		2.608e-05		1.22e-06		1e-06
457.5		2.686e-05		2.658e-05		2.654e-05		2.58e-05		1.14e-06		1.26e-06
462.5		2.44e-05		2.41e-05		2.468e-05		2.482e-05		1.04e-06		1e-06
467.5		2.332e-05		2.394e-05		2.356e-05		2.42e-05		1e-06		1.04e-06
472.5		2.23e-05		2.146e-05		2.192e-05		2.24e-05		1.06e-06		9e-07
477.5		2.094e-05		2.064e-05		2.156e-05		2.096e-05		7e-07		5.4e-07
482.5		2.008e-05		1.882e-05		2.028e-05		1.876e-05		9.2e-07		8e-07
487.5		1.844e-05		1.86e-05		1.848e-05		1.71e-05		6.2e-07		7.4e-07
492.5		1.764e-05		1.746e-05		1.718e-05		1.704e-05		7e-07		5.8e-07
497.5		1.708e-05		1.664e-05		1.602e-05		1.634e-05		4.6e-07		4.8e-07
502.5		1.482e-05		1.566e-05		1.512e-05		1.51e-05		6.2e-07		5.2e-07
507.5		1.386e-05		1.39e-05		1.44e-05		1.382e-05		4.6e-07		5e-07
512.5		1.286e-05		1.328e-05		1.294e-05		1.376e-05		3.6e-07		3.8e-07
517.5		1.252e-05		1.26e-05		1.278e-05		1.088e-05		3.8e-07		2e-07
522.5		1.14e-05		1.146e-05		1.102e-05		1.152e-05		3e-07		2.8e-07
527.5		1.088e-05		9.8e-06		1.11e-05		1.02e-05		2.4e-07		3.8e-07
532.5		9.84e-06		9.6e-06		9.58e-06		9.84e-06		3.4e-07		2.6e-07
537.5		8.82e-06		8.68e-06		9.22e-06		9.26e-06		2e-07		2.8e-07
542.5		7.78e-06		8.28e-06		8.26e-06		8.12e-06		2.2e-07		3.4e-07
547.5		8.26e-06		7e-06		7.52e-06		6.96e-06		1.6e-07		2.6e-07
552.5		7.26e-06		6.98e-06		6.6e-06		7.34e-06		3.6e-07		3e-07
557.5		5.9e-06		7.04e-06		6.96e-06		6.62e-06		1.6e-07		8e-08
562.5		5.92e-06		5.6e-06		5.94e-06		6.32e-06		1.6e-07		1.8e-07
567.5		5.7e-06		5.44e-06		5.28e-06		5.22e-06		2.4e-07		1.6e-07
572.5		5.34e-06		5.16e-06		5.24e-06		4.9e-06		1e-07		4e-08
577.5		4.92e-06		4.7e-06		4.7e-06		4.12e-06		1.4e-07		6e-08
582.5		3.86e-06		4.18e-06		4.32e-06		4e-06		6e-08		1e-07
587.5		4e-06		3.58e-06		3.96e-06		4.02e-06		6e-08		6e-08
592.5		3.62e-06		3.02e-06		3.5e-06		3.2e-06		1.4e-07		1.2e-07
597.5		3.22e-06		3.08e-06		3.04e-06		2.98e-06		1.6e-07		6e-08
602.5		2.62e-06		2.68e-06		2.72e-06		3e-06		8e-08		4e-08
607.5		2.84e-06		3.02e-06		2.68e-06		2.92e-06		6e-08		8e-08
612.5		2.4e-06		2.52e-06		2.56e-06		2.46e-06		4e-08		6e-08
617.5		2.6e-06		2.3e-06		2.24e-06		2.06e-06		6e-08		2e-08
622.5		1.84e-06		1.6e-06		1.42e-06		2.06e-06		8e-08		4e-08
627.5		1.64e-06		1.5e-06		1.82e-06		1.56e-06		2e-08		4e-08
632.5		1.68e-06		1.76e-06		1.46e-06		1.66e-06		6e-08		2e-08
637.5		1.56e-06		1.48e-06		1.38e-06		1.66e-06		2e-08		4e-08
642.5		1.16e-06		1.06e-06		1.04e-06		1.4e-06		4e-08		6e-08
647.5		1.14e-06		8.2e-07		1.24e-06		1.28e-06		4e-08		2e-08
652.5		1.08e-06		1.02e-06		7.8e-07		9.2e-07		2e-08		4e-08
657.5		8e-07		7.6e-07		7.2e-07		6.6e-07		0.0		0.0
662.5		8.6e-07		6.4e-07		6.8e-07		8e-07		4e-08		0.0
667.5		4.4e-07		5.2e-07		6.8e-07		6.2e-07		0.0		4e-08
672.5		7.4e-07		5.4e-07		4.8e-07		8e-07		0.0		2e-08
677.5		6e-07		3.6e-07		4.2e-07		4e-07		6e-08		0.0
682.5		4.6e-07		3.6e-07		5e-07		5.4e-07		6e-08		2e-08
687.5		4.8e-07		4e-07		4.2e-07		3.4e-07		0.0		0.0
692.5		2.8e-07		4.6e-07		2.6e-07		2.4e-07		0.0		2e-08
697.5		3.2e-07		2e-07		2.2e-07		2.4e-07		0.0		2e-08
702.5		1.8e-07		2e-07		1.8e-07		1.6e-07		2e-08		0.0
707.5		1.8e-07		1.6e-07		2.6e-07		1.8e-07		0.0		2e-08
712.5		2.6e-07		3.2e-07		1.8e-07		1.6e-07		2e-08		0.0
717.5		2.2e-07		1.4e-07		1.2e-07		1.8e-07		2e-08		0.0
722.5		6e-08		2.2e-07		2.2e-07		2.6e-07		0.0		0.0
727.5		1.2e-07		1.4e-07		1e-07		1.8e-07		0.0		2e-08
732.5		2e-08		1e-07		8e-08		1.2e-07		0.0		0.0
737.5		6e-08		1.2e-07		1e-07		6e-08		0.0		4e-08
742.5		1e-07		6e-08		1e-07		2e-08		0.0		0.0
747.5		4e-08		6e-08		8e-08		8e-08		0.0		0.0
752.5		4e-08		2e-08		8e-08		2e-08		0.0		2e-08
757.5		4e-08		4e-08		4e-08		0.0		2e-08		2e-08
762.5		6e-08		2e-08		2e-08		2e-08		2e-08		0.0
767.5		8e-08		0.0		2e-08		4e-08		0.0		0.0
772.5		0.0		2e-08		2e-08		4e-08		0.0		2e-08
777.5		2e-08		2e-08		0.0		6e-08		2e-08		0.0
782.5		4e-08		2e-08		2e-08		2e-08		0.0		0.0
787.5		2e-08		2e-08		4e-08		2e-08		4e-08		0.0
792.5		2e-08		0.0		0.0		2e-08		0.0		0.0
797.5		4e-08		2e-08		0.0		0.0		0.0		0.0
802.5		2e-08		0.0		0.0		2e-08		0.0		2e-08
807.5		2e-08		0.0		0.0		0.0		2e-08		0.0
812.5		0.0		2e-08		0.0		0.0		0.0		0.0
817.5		0.0		2e-08		0.0		0.0		0.0		0.0
822.5		2e-08		0.0		2e-08		0.0		0.0		0.0
827.5		0.0		0.0		0.0		0.0		0.0		0.0
832.5		2e-08		0.0		0.0		0.0		0.0		0.0
837.5		0.0		0.0		0.0		2e-08		0.0		0.0
842.5		0.0		0.0		0.0		0.0		0.0		2e-08
847.5		0.0		2e-08		0.0		0.0		2e-08		0.0
852.5		0.0		0.0		0.0		0.0		0.0		0.0
857.5		0.0		0.0		0.0		0.0		0.0		0.0
862.5		0.0		0.0		0.0		0.0		0.0		2e-08
867.5		0.0		0.0		0.0		0.0		0.0		0.0
872.5		0.0		0.0		2e-08		0.0		0.0		0.0
877.5		2e-08		0.0		2e-08		0.0		0.0		0.0
882.5		0.0		0.0		0.0		0.0		0.0		0.0
887.5		0.0		0.0		0.0		0.0		0.0		0.0
892.5		0.0		0.0		0.0		0.0		0.0		0.0
897.5		0.0		0.0		0.0		0.0		0.0		0.0
902.5		0.0		0.0		0.0		0.0		0.0		0.0
907.5		0.0		0.0		0.0		0.0		0.0		0.0
912.5		0.0		0.0		0.0		0.0		0.0		0.0
917.5		0.0		0.0		0.0		0.0		0.0		0.0
922.5		0.0		0.0		0.0		0.0		0.0		0.0
927.5		0.0		0.0		0.0		0.0		0.0		0.0
932.5		0.0		0.0		0.0		0.0		0.0		0.0
937.5		0.0		0.0		0.0		0.0		0.0		0.0
942.5		0.0		0.0		0.0		0.0		0.0		0.0
947.5		0.0		0.0		0.0		0.0		0.0		0.0
952.5		0.0		0.0		0.0		0.0		0.0		0.0
957.5		0.0		0.0		0.0		0.0		0.0		0.0
962.5		0.0		0.0		0.0		0.0		0.0		0.0
967.5		0.0		0.0		0.0		0.0		0.0		0.0
972.5		0.0		0.0		0.0		0.0		0.0		0.0
977.5		0.0		0.0		0.0		0.0		0.0		0.0
982.5		0.0		0.0		0.0		0.0		0.0		0.0
987.5		0.0		0.0		0.0		0.0		0.0		0.0
992.5		0.0		0.0		0.0		0.0		0.0		0.0
997.5		0.0		0.0		0.0		0.0		0.0		0.0
