#E/M_dm		nu_e		nu_e_bar		nu_mu		nu_mu_bar		nu_tau		nu_tau_bar
2.5		0.011086		0.01111		0.010794		0.010793		0.0047609		0.0047618
7.5		0.0077281		0.0077237		0.0076156		0.0076121		0.002938		0.0029336
12.5		0.0051966		0.0051944		0.0051145		0.0051264		0.0019999		0.0020044
17.5		0.0037629		0.0037568		0.0037151		0.0037167		0.0014809		0.0014778
22.5		0.0028653		0.0028636		0.0028347		0.0028408		0.001141		0.0011383
27.5		0.0022705		0.0022635		0.0022415		0.0022464		0.00090685		0.00090675
32.5		0.0018411		0.0018392		0.0018268		0.0018249		0.00073369		0.00073181
37.5		0.0015268		0.0015217		0.0015088		0.0015126		0.0006031		0.00060661
42.5		0.0012836		0.0012779		0.0012755		0.0012722		0.00050518		0.00050731
47.5		0.0010938		0.0010941		0.0010865		0.0010839		0.00042513		0.00042588
52.5		0.00094198		0.00094785		0.00093402		0.00093726		0.00036274		0.00036202
57.5		0.00081905		0.00082079		0.00081747		0.00081496		0.00030992		0.00031192
62.5		0.00071657		0.00071997		0.00071492		0.00071502		0.0002694		0.00026867
67.5		0.0006343		0.00063482		0.00063044		0.00063315		0.00023338		0.00023233
72.5		0.00056298		0.00056127		0.00056052		0.00056182		0.00020137		0.00020307
77.5		0.00050412		0.00050347		0.00050333		0.00050233		0.00017877		0.00017858
82.5		0.00045201		0.00045212		0.00044918		0.00044838		0.00015607		0.0001576
87.5		0.00040482		0.0004082		0.00040518		0.00040412		0.00013891		0.00013902
92.5		0.00036473		0.00036953		0.00036646		0.00036764		0.00012294		0.00012294
97.5		0.00033437		0.00033344		0.0003298		0.00033175		0.00011025		0.0001102
102.5		0.00030263		0.00030155		0.00030034		0.00030234		9.8696e-05		9.7597e-05
107.5		0.00027637		0.00027641		0.00027424		0.00027421		8.8153e-05		8.7548e-05
112.5		0.00025477		0.00025249		0.00025159		0.00025262		7.8532e-05		8.0092e-05
117.5		0.00023076		0.0002314		0.00023054		0.00023138		7.1161e-05		6.9538e-05
122.5		0.00021241		0.0002122		0.00021101		0.00021184		6.366e-05		6.3325e-05
127.5		0.00019591		0.00019561		0.00019603		0.00019623		5.6901e-05		5.7167e-05
132.5		0.00017883		0.00018048		0.00017867		0.0001786		5.1765e-05		5.1686e-05
137.5		0.00016514		0.00016703		0.00016503		0.00016618		4.6628e-05		4.6466e-05
142.5		0.00015261		0.00015322		0.00015568		0.00015279		4.1801e-05		4.1889e-05
147.5		0.00014207		0.00014337		0.000142		0.00014258		3.7445e-05		3.8097e-05
152.5		0.00013162		0.00013236		0.00013221		0.00013379		3.4258e-05		3.4498e-05
157.5		0.00012186		0.00012296		0.00012225		0.00012235		3.1505e-05		3.165e-05
162.5		0.00011441		0.00011456		0.00011317		0.00011356		2.8861e-05		2.8364e-05
167.5		0.00010544		0.00010563		0.00010558		0.00010593		2.5858e-05		2.6037e-05
172.5		9.8898e-05		9.8315e-05		9.898e-05		9.7894e-05		2.3489e-05		2.3435e-05
177.5		9.2349e-05		9.1526e-05		9.2195e-05		9.2141e-05		2.1269e-05		2.1546e-05
182.5		8.5712e-05		8.6587e-05		8.5866e-05		8.5578e-05		1.9557e-05		1.9397e-05
187.5		7.9885e-05		8.0417e-05		8.041e-05		8.0233e-05		1.7796e-05		1.7618e-05
192.5		7.568e-05		7.4828e-05		7.5678e-05		7.4803e-05		1.6363e-05		1.6155e-05
197.5		7.0461e-05		7.0619e-05		7.0196e-05		6.922e-05		1.5077e-05		1.4435e-05
202.5		6.613e-05		6.5721e-05		6.572e-05		6.5082e-05		1.3634e-05		1.3596e-05
207.5		6.0998e-05		6.1425e-05		6.1805e-05		6.0767e-05		1.2168e-05		1.2593e-05
212.5		5.8268e-05		5.7326e-05		5.7711e-05		5.705e-05		1.1174e-05		1.1185e-05
217.5		5.3991e-05		5.4311e-05		5.3996e-05		5.3688e-05		9.9296e-06		1.0317e-05
222.5		5.0347e-05		5.0447e-05		5.0203e-05		5.0891e-05		9.4409e-06		9.3438e-06
227.5		4.7585e-05		4.8084e-05		4.7255e-05		4.7759e-05		8.711e-06		8.5118e-06
232.5		4.4678e-05		4.4555e-05		4.4173e-05		4.399e-05		7.7183e-06		7.7517e-06
237.5		4.1225e-05		4.1671e-05		4.1989e-05		4.2305e-05		7.0875e-06		6.9507e-06
242.5		3.8849e-05		3.99e-05		3.9174e-05		3.8856e-05		6.5903e-06		6.4191e-06
247.5		3.7026e-05		3.6562e-05		3.6813e-05		3.6555e-05		5.9241e-06		6.0699e-06
252.5		3.5052e-05		3.4541e-05		3.433e-05		3.4691e-05		5.3404e-06		5.4747e-06
257.5		3.2778e-05		3.2554e-05		3.2511e-05		3.2549e-05		4.9205e-06		4.8392e-06
262.5		3.0779e-05		3.0915e-05		3.0727e-05		3.046e-05		4.3314e-06		4.3647e-06
267.5		2.8525e-05		2.8906e-05		2.881e-05		2.9264e-05		4.0797e-06		4.0556e-06
272.5		2.6965e-05		2.7521e-05		2.7318e-05		2.7102e-05		3.7281e-06		3.5848e-06
277.5		2.5927e-05		2.5373e-05		2.5285e-05		2.5627e-05		3.2625e-06		3.3478e-06
282.5		2.4357e-05		2.3681e-05		2.3801e-05		2.3986e-05		3.0003e-06		3.1662e-06
287.5		2.2126e-05		2.2447e-05		2.2406e-05		2.2712e-05		2.7831e-06		2.8689e-06
292.5		2.1865e-05		2.1316e-05		2.1236e-05		2.1108e-05		2.4332e-06		2.5043e-06
297.5		2.0271e-05		2.0084e-05		2.01e-05		2.0054e-05		2.3991e-06		2.2632e-06
302.5		1.8901e-05		1.8826e-05		1.8697e-05		1.8788e-05		2.1428e-06		2.0144e-06
307.5		1.7472e-05		1.7858e-05		1.7898e-05		1.751e-05		1.8753e-06		1.8687e-06
312.5		1.6972e-05		1.6704e-05		1.6828e-05		1.6738e-05		1.6391e-06		1.7499e-06
317.5		1.5704e-05		1.5839e-05		1.5589e-05		1.5408e-05		1.5539e-06		1.5936e-06
322.5		1.4692e-05		1.4939e-05		1.4803e-05		1.488e-05		1.5357e-06		1.3592e-06
327.5		1.3972e-05		1.393e-05		1.4006e-05		1.4036e-05		1.2986e-06		1.2154e-06
332.5		1.3388e-05		1.3282e-05		1.325e-05		1.3131e-05		1.1861e-06		1.2123e-06
337.5		1.2152e-05		1.2582e-05		1.2785e-05		1.2481e-05		1.0397e-06		1.0278e-06
342.5		1.1862e-05		1.1727e-05		1.1841e-05		1.1427e-05		9.085e-07		8.8594e-07
347.5		1.1111e-05		1.071e-05		1.1095e-05		1.1103e-05		9.3982e-07		8.0822e-07
352.5		1.0073e-05		1.0482e-05		9.9942e-06		1.0294e-05		7.9792e-07		8.0106e-07
357.5		9.6899e-06		9.7803e-06		9.3755e-06		9.8561e-06		6.9527e-07		6.6647e-07
362.5		9.2833e-06		9.3187e-06		9.2623e-06		9.3181e-06		6.2919e-07		6.2284e-07
367.5		8.7799e-06		8.4429e-06		8.7213e-06		8.6498e-06		5.3914e-07		5.84e-07
372.5		7.9972e-06		8.0298e-06		8.1001e-06		7.9965e-06		5.5992e-07		5.2245e-07
377.5		7.6179e-06		7.7276e-06		7.5132e-06		7.597e-06		4.2977e-07		4.956e-07
382.5		7.063e-06		7.3732e-06		7.0855e-06		7.3985e-06		4.3252e-07		3.8025e-07
387.5		6.6623e-06		6.8735e-06		6.7348e-06		6.795e-06		3.676e-07		3.6182e-07
392.5		6.373e-06		6.2098e-06		6.2054e-06		6.1591e-06		3.3273e-07		3.0891e-07
397.5		5.6736e-06		6.0097e-06		5.9887e-06		5.7081e-06		3.1661e-07		2.9044e-07
402.5		5.6173e-06		5.6548e-06		5.5889e-06		5.5886e-06		2.6429e-07		2.7347e-07
407.5		5.2275e-06		5.1236e-06		5.2377e-06		4.9853e-06		2.6717e-07		2.1315e-07
412.5		4.8844e-06		4.9686e-06		4.783e-06		4.8732e-06		1.7566e-07		2.1175e-07
417.5		4.4896e-06		4.5468e-06		4.5489e-06		4.5407e-06		2.1992e-07		1.7782e-07
422.5		4.3113e-06		4.3634e-06		4.2983e-06		4.374e-06		1.9626e-07		1.8362e-07
427.5		4.0613e-06		4.1726e-06		3.9771e-06		3.971e-06		1.3327e-07		1.5159e-07
432.5		3.9224e-06		3.9307e-06		3.753e-06		3.7252e-06		1.6153e-07		1.6344e-07
437.5		3.5653e-06		3.7554e-06		3.6044e-06		3.4586e-06		1.2619e-07		1.2036e-07
442.5		3.2069e-06		3.3089e-06		3.3898e-06		3.2265e-06		1.0285e-07		1.2271e-07
447.5		3.1741e-06		3.2348e-06		3.0119e-06		3.1879e-06		1.1349e-07		1.0468e-07
452.5		2.897e-06		2.9627e-06		2.7926e-06		2.9048e-06		1.0335e-07		7.6123e-08
457.5		2.8475e-06		2.7795e-06		2.7642e-06		2.7421e-06		8.4616e-08		8.0427e-08
462.5		2.5539e-06		2.5271e-06		2.5448e-06		2.5338e-06		6.965e-08		9.9981e-08
467.5		2.4763e-06		2.3466e-06		2.4547e-06		2.3068e-06		8.5595e-08		7.7951e-08
472.5		2.217e-06		2.1998e-06		2.2943e-06		2.2525e-06		7.003e-08		7.1395e-08
477.5		2.0922e-06		1.9651e-06		2.0392e-06		2.0829e-06		6.0637e-08		3.9276e-08
482.5		1.9728e-06		1.9258e-06		1.8782e-06		1.9229e-06		6.1395e-08		5.8872e-08
487.5		1.8072e-06		1.8864e-06		1.7023e-06		1.6987e-06		4.8497e-08		4.0664e-08
492.5		1.5647e-06		1.5695e-06		1.6843e-06		1.5615e-06		3.7095e-08		5.7824e-08
497.5		1.5558e-06		1.5571e-06		1.5809e-06		1.5278e-06		5.1011e-08		3.6878e-08
502.5		1.3595e-06		1.5293e-06		1.4765e-06		1.4148e-06		3.9902e-08		2.8873e-08
507.5		1.3334e-06		1.2939e-06		1.3827e-06		1.3865e-06		2.9693e-08		4.8926e-08
512.5		1.2898e-06		1.309e-06		1.2612e-06		1.232e-06		2.8428e-08		2.3477e-08
517.5		1.2232e-06		1.1676e-06		1.1049e-06		1.1616e-06		1.6496e-08		3.3951e-08
522.5		1.0083e-06		9.7569e-07		9.9706e-07		1.1004e-06		2.8601e-08		2.2559e-08
527.5		1.1003e-06		9.7302e-07		1.0363e-06		9.9982e-07		2.1014e-08		2.0265e-08
532.5		9.0047e-07		9.3607e-07		8.934e-07		9.087e-07		2.2166e-08		2.615e-08
537.5		8.8005e-07		8.7592e-07		8.4758e-07		8.2997e-07		1.6123e-08		2.1006e-08
542.5		7.6149e-07		7.8829e-07		7.5856e-07		7.8235e-07		7.6276e-09		2.0564e-08
547.5		6.9638e-07		7.5154e-07		6.8472e-07		6.8377e-07		1.5003e-08		9.9477e-09
552.5		6.8724e-07		6.5384e-07		6.709e-07		6.8102e-07		1.9717e-08		6.9105e-09
557.5		6.3503e-07		5.6664e-07		5.7998e-07		5.7788e-07		2.4395e-08		9.3546e-09
562.5		5.9409e-07		5.3065e-07		5.9288e-07		5.5364e-07		1.1098e-08		8.4235e-09
567.5		5.3505e-07		5.7139e-07		5.2189e-07		5.0666e-07		9.4565e-09		1.8564e-08
572.5		4.7106e-07		4.5807e-07		4.2447e-07		4.9467e-07		4.1865e-09		1.0897e-08
577.5		4.1179e-07		4.6782e-07		3.4803e-07		4.0773e-07		6.9661e-09		1.3538e-08
582.5		3.5084e-07		3.7902e-07		3.9847e-07		3.6169e-07		1.1658e-08		1.1594e-08
587.5		3.7367e-07		3.7e-07		3.2719e-07		3.3644e-07		2.617e-08		8.1883e-09
592.5		3.4078e-07		3.2783e-07		3.4227e-07		3.0924e-07		2.3047e-09		3.8679e-09
597.5		3.2051e-07		3.1882e-07		2.2709e-07		3.1192e-07		8.0508e-09		1.13e-08
602.5		2.8592e-07		2.5972e-07		2.4176e-07		2.5675e-07		7.6121e-09		5.7252e-09
607.5		2.3087e-07		2.1193e-07		2.3529e-07		2.7112e-07		1.2615e-08		2.2919e-09
612.5		1.85e-07		2.3027e-07		2.1023e-07		1.9647e-07		2.0483e-09		4.0145e-09
617.5		2.1218e-07		2.1599e-07		1.8056e-07		1.6811e-07		9.3483e-09		5.3171e-09
622.5		1.6758e-07		1.6167e-07		1.8076e-07		1.7411e-07		3.9823e-09		2.36e-10
627.5		1.5744e-07		1.456e-07		1.5315e-07		1.4459e-07		3.8673e-09		5.645e-09
632.5		1.6981e-07		1.4536e-07		1.4036e-07		1.5599e-07		2.8035e-10		1.4224e-08
637.5		1.3067e-07		1.3369e-07		1.1747e-07		1.3442e-07		1.9708e-09		2.6962e-10
642.5		1.0427e-07		1.0249e-07		9.9764e-08		1.1172e-07		2.1944e-09		2.6034e-10
647.5		9.2841e-08		7.6691e-08		1.0872e-07		8.1328e-08		1.8557e-09		0.0
652.5		9.115e-08		9.9093e-08		9.1344e-08		8.3945e-08		1.728e-09		3.6212e-09
657.5		7.8841e-08		6.8842e-08		8.3919e-08		9.0009e-08		7.8121e-09		0.0
662.5		7.545e-08		6.0428e-08		5.8318e-08		8.751e-08		3.8687e-09		0.0
667.5		5.1502e-08		6.471e-08		4.9334e-08		4.9135e-08		3.7871e-09		0.0
672.5		7.0358e-08		5.9276e-08		5.1087e-08		4.5149e-08		0.0		3.6443e-09
677.5		4.301e-08		4.7849e-08		3.3819e-08		4.1086e-08		1.9347e-09		1.8069e-09
682.5		4.2807e-08		3.2512e-08		3.9137e-08		5.4506e-08		0.0		9.8369e-09
687.5		3.2416e-08		3.5908e-08		2.2861e-08		2.9021e-08		0.0		1.8064e-09
692.5		2.5632e-08		3.0745e-08		2.8574e-08		3.3899e-08		1.716e-09		3.7491e-09
697.5		3.5106e-08		1.4606e-08		2.2158e-08		1.8025e-08		1.9368e-09		3.4612e-09
702.5		1.9397e-08		1.5868e-08		1.9543e-08		1.7589e-08		0.0		0.0
707.5		2.7001e-08		1.5839e-08		1.455e-08		1.9554e-08		1.7556e-09		0.0
712.5		1.0446e-08		1.0823e-08		2.1644e-08		1.0723e-08		0.0		0.0
717.5		1.6724e-08		1.9591e-08		9.7119e-09		6.8254e-09		1.7513e-09		0.0
722.5		1.0397e-08		1.5625e-08		1.2664e-08		7.4576e-09		6.0529e-09		0.0
727.5		7.3078e-09		9.3744e-09		8.8431e-09		1.4397e-08		5.5703e-09		1.727e-09
732.5		1.052e-08		5.6676e-09		1.612e-08		5.449e-09		0.0		0.0
737.5		8.7865e-09		6.8867e-09		5.2061e-09		1.4111e-08		1.6842e-09		0.0
742.5		5.592e-09		7.2644e-09		5.3069e-09		3.7312e-09		0.0		6.1825e-09
747.5		5.2526e-09		1.6079e-09		5.5964e-09		9.0528e-09		0.0		1.6835e-09
752.5		2.0164e-09		7.2455e-09		7.5808e-09		3.5639e-09		0.0		5.8543e-09
757.5		7.0164e-09		3.7203e-09		1.719e-09		7.2123e-09		0.0		0.0
762.5		0.0		5.2017e-09		1.7802e-09		0.0		0.0		0.0
767.5		3.3617e-09		1.8008e-09		3.6552e-09		0.0		1.7115e-09		0.0
772.5		3.6778e-09		1.8082e-09		0.0		1.724e-09		0.0		0.0
777.5		0.0		0.0		1.7104e-09		1.7794e-09		0.0		0.0
782.5		3.3862e-09		3.6749e-09		0.0		1.777e-09		0.0		5.453e-09
787.5		1.712e-09		0.0		3.8479e-09		3.4784e-09		0.0		0.0
792.5		1.6306e-09		5.2466e-09		1.9195e-09		3.5492e-09		0.0		0.0
797.5		3.8384e-09		1.6084e-09		0.0		1.9038e-09		0.0		0.0
802.5		0.0		1.6986e-09		1.6502e-09		1.7042e-09		0.0		0.0
807.5		0.0		0.0		0.0		3.5282e-09		0.0		1.7049e-09
812.5		0.0		1.798e-09		0.0		0.0		0.0		0.0
817.5		0.0		0.0		0.0		0.0		0.0		0.0
822.5		1.6785e-09		0.0		0.0		1.7686e-09		0.0		0.0
827.5		0.0		0.0		1.6503e-09		0.0		0.0		0.0
832.5		1.7742e-09		0.0		0.0		0.0		0.0		0.0
837.5		0.0		1.6245e-09		0.0		0.0		0.0		0.0
842.5		0.0		0.0		0.0		0.0		0.0		0.0
847.5		0.0		0.0		0.0		0.0		1.6126e-09		5.5839e-09
852.5		0.0		0.0		0.0		3.3824e-09		0.0		0.0
857.5		0.0		0.0		0.0		0.0		0.0		0.0
862.5		0.0		0.0		1.8497e-09		0.0		0.0		0.0
867.5		0.0		0.0		0.0		0.0		0.0		0.0
872.5		0.0		0.0		0.0		0.0		0.0		0.0
877.5		1.6619e-09		0.0		0.0		0.0		0.0		0.0
882.5		0.0		0.0		0.0		0.0		0.0		0.0
887.5		0.0		0.0		0.0		0.0		0.0		0.0
892.5		0.0		0.0		0.0		0.0		0.0		0.0
897.5		0.0		0.0		0.0		0.0		0.0		0.0
902.5		0.0		0.0		0.0		0.0		0.0		0.0
907.5		0.0		0.0		0.0		0.0		0.0		0.0
912.5		0.0		0.0		0.0		0.0		0.0		0.0
917.5		0.0		0.0		0.0		0.0		0.0		0.0
922.5		0.0		0.0		0.0		0.0		0.0		0.0
927.5		0.0		0.0		0.0		0.0		0.0		0.0
932.5		0.0		0.0		0.0		0.0		0.0		0.0
937.5		0.0		0.0		0.0		0.0		0.0		0.0
942.5		0.0		0.0		0.0		0.0		0.0		0.0
947.5		0.0		0.0		0.0		0.0		0.0		0.0
952.5		0.0		0.0		0.0		0.0		0.0		0.0
957.5		0.0		0.0		0.0		0.0		0.0		0.0
962.5		0.0		0.0		0.0		0.0		0.0		0.0
967.5		0.0		0.0		0.0		0.0		0.0		0.0
972.5		0.0		0.0		0.0		0.0		0.0		0.0
977.5		0.0		0.0		0.0		0.0		0.0		0.0
982.5		0.0		0.0		0.0		0.0		0.0		0.0
987.5		0.0		0.0		0.0		0.0		0.0		0.0
992.5		0.0		0.0		0.0		0.0		0.0		0.0
997.5		0.0		0.0		0.0		0.0		0.0		0.0
