#E/M_dm		nu_e		nu_e_bar		nu_mu		nu_mu_bar		nu_tau		nu_tau_bar
2.5		0.00226931		0.00226504		0.00217163		0.00217112		0.00122747		0.00123526
7.5		0.0016298		0.00163813		0.00158444		0.00158784		0.000960409		0.000960384
12.5		0.00116248		0.00116391		0.00113491		0.00112799		0.000813075		0.000810085
17.5		0.000886782		0.000888584		0.000866336		0.000866195		0.000723052		0.00072056
22.5		0.000715157		0.000715053		0.000697362		0.00069766		0.000677721		0.000664265
27.5		0.000598332		0.000593386		0.000583273		0.00058496		0.0006187		0.000627327
32.5		0.000515001		0.000506296		0.000502715		0.000498125		0.000587453		0.000590629
37.5		0.00044824		0.000448973		0.000437546		0.000438334		0.000564461		0.000570123
42.5		0.000400377		0.000401187		0.000397929		0.000390432		0.000541739		0.000542406
47.5		0.00036307		0.000364861		0.000350812		0.000352799		0.000522535		0.000519903
52.5		0.000330588		0.000330465		0.000324877		0.000324838		0.000502732		0.000506504
57.5		0.000306944		0.000303641		0.000302135		0.000302876		0.000489295		0.000482902
62.5		0.000284082		0.000290837		0.00027816		0.000282436		0.000479933		0.000476198
67.5		0.00026663		0.000268546		0.000264891		0.000266696		0.000468372		0.000462717
72.5		0.000252997		0.000254452		0.000249949		0.00024828		0.000450694		0.000452676
77.5		0.00024298		0.00023928		0.000235131		0.000237366		0.000442524		0.000447118
82.5		0.000234201		0.000233403		0.000228134		0.000226203		0.000423535		0.000428796
87.5		0.000216765		0.000220636		0.000217419		0.000215903		0.000418676		0.00042091
92.5		0.000211351		0.000212957		0.000207741		0.000207756		0.000410346		0.000408437
97.5		0.000206541		0.000201906		0.000203425		0.000203974		0.000401353		0.000400867
102.5		0.000194484		0.000194326		0.00019079		0.000197674		0.000396177		0.000394665
107.5		0.000193124		0.000191417		0.000188839		0.000191059		0.000390632		0.000389485
112.5		0.000185787		0.000185495		0.000184112		0.000183875		0.0003806		0.000379086
117.5		0.0001832		0.000184813		0.000180961		0.000179608		0.000373315		0.000370541
122.5		0.000175242		0.000176547		0.000174883		0.000176735		0.000370962		0.000367707
127.5		0.000173331		0.000172217		0.000171333		0.000167851		0.000364402		0.00036358
132.5		0.000171145		0.00016734		0.000168216		0.00016638		0.000363164		0.000354743
137.5		0.000162133		0.00016308		0.000167063		0.000165239		0.000349165		0.000350762
142.5		0.000162833		0.000163473		0.000159755		0.000160884		0.000347857		0.000349028
147.5		0.000159443		0.000157699		0.000157648		0.000159764		0.000340019		0.000341737
152.5		0.000159933		0.000157171		0.000153119		0.000157962		0.000337202		0.000333505
157.5		0.000155656		0.000153971		0.000152679		0.000154782		0.000331066		0.000331513
162.5		0.000151473		0.000153452		0.000151598		0.000151236		0.000323366		0.000325221
167.5		0.000151469		0.000150927		0.000145989		0.000145687		0.000321047		0.000320518
172.5		0.000147459		0.000151733		0.000148465		0.000149119		0.000316154		0.000319493
177.5		0.00014579		0.000145234		0.000145791		0.000147735		0.000311761		0.000316046
182.5		0.000142847		0.000142717		0.00014209		0.000144794		0.00031052		0.000311538
187.5		0.000143387		0.000139762		0.00014427		0.000141302		0.000302341		0.000305709
192.5		0.000143573		0.000142226		0.000138734		0.000140595		0.00029825		0.000302753
197.5		0.000138836		0.000141313		0.000135908		0.000137445		0.000293625		0.000297219
202.5		0.000138106		0.000138476		0.000139798		0.000133763		0.000293635		0.000288647
207.5		0.000136753		0.000134064		0.00013554		0.000137032		0.000290633		0.000292009
212.5		0.000132432		0.000134455		0.000133104		0.000136122		0.000282137		0.000287289
217.5		0.000134969		0.000133968		0.000132239		0.000131822		0.000288722		0.000281083
222.5		0.000132775		0.000133241		0.000134833		0.000129101		0.000280323		0.000279388
227.5		0.000133867		0.000133389		0.000132381		0.000130596		0.000277326		0.000279344
232.5		0.000133349		0.000132897		0.0001321		0.000128568		0.000272409		0.000274054
237.5		0.000127767		0.000129193		0.000130892		0.000130028		0.000269324		0.000272919
242.5		0.000129735		0.000127961		0.000127952		0.000128182		0.000267801		0.000265474
247.5		0.000130238		0.000126056		0.00012742		0.000123954		0.000264131		0.00026691
252.5		0.000128299		0.000127969		0.000127559		0.000129627		0.000263328		0.000263012
257.5		0.00012797		0.000124928		0.000128784		0.000127135		0.000257374		0.00025951
262.5		0.000126062		0.000126211		0.000126087		0.000124677		0.000252062		0.000257798
267.5		0.000125752		0.000124837		0.000124042		0.000124507		0.000254297		0.000254521
272.5		0.00012139		0.000122992		0.000124354		0.000122736		0.000245908		0.000252402
277.5		0.000123984		0.000125664		0.00012718		0.000123773		0.000245357		0.000252458
282.5		0.000124174		0.000124181		0.000122261		0.000123057		0.000245327		0.000246896
287.5		0.000123021		0.000121353		0.000122889		0.000122954		0.000245045		0.000241597
292.5		0.000120563		0.000121609		0.000123028		0.00012299		0.000240879		0.000238686
297.5		0.00012147		0.000120606		0.000121891		0.000121948		0.000237828		0.000234729
302.5		0.000122675		0.000120943		0.000121228		0.000122402		0.00023658		0.000235294
307.5		0.000122196		0.000120793		0.000118153		0.000120793		0.000232688		0.000229425
312.5		0.000120612		0.000121614		0.000118547		0.000120938		0.000233016		0.000228431
317.5		0.000119706		0.000119906		0.00012098		0.000116957		0.000228431		0.000224576
322.5		0.000118512		0.00011654		0.000120996		0.000117369		0.000227797		0.000227339
327.5		0.000117176		0.000115728		0.000117663		0.000120824		0.000224697		0.00022598
332.5		0.000118996		0.000116685		0.000116948		0.000119576		0.000221514		0.000219952
337.5		0.000121117		0.00012029		0.000119129		0.000119613		0.000217002		0.00022197
342.5		0.000116824		0.000116878		0.000117117		0.000115489		0.000217789		0.000217407
347.5		0.000116342		0.000117918		0.000117762		0.000118635		0.000217525		0.000214519
352.5		0.000117606		0.000118087		0.000116903		0.000117534		0.000215654		0.000210419
357.5		0.000116722		0.000118148		0.000116819		0.000116315		0.000211373		0.000215361
362.5		0.000116323		0.00011406		0.000117418		0.000115164		0.000213943		0.000208584
367.5		0.00011463		0.000118158		0.000114119		0.000114078		0.000205613		0.000209035
372.5		0.000115447		0.000113906		0.000117635		0.00011773		0.000208304		0.000206453
377.5		0.000116217		0.000114378		0.00011479		0.00011761		0.000204655		0.000205112
382.5		0.000114688		0.000116123		0.00011596		0.000115393		0.000201492		0.000201193
387.5		0.000115716		0.000116527		0.000115374		0.00011498		0.000200155		0.000197712
392.5		0.000113612		0.000115956		0.000117251		0.000115701		0.000197273		0.000199806
397.5		0.00011312		0.000116015		0.000114235		0.000114958		0.000197736		0.000196016
402.5		0.000116371		0.0001141		0.000110568		0.000116986		0.000192947		0.000202034
407.5		0.000114375		0.000115114		0.000112808		0.000113998		0.000194018		0.000190005
412.5		0.000111353		0.000112679		0.000112706		0.000113282		0.000195288		0.000188971
417.5		0.000114257		0.000113223		0.000115785		0.0001132		0.000191117		0.000191781
422.5		0.000113306		0.000112842		0.0001123155		0.000114207		0.000186602		0.00018632
427.5		0.000111119		0.000113181		0.000112593		0.000112699		0.000187311		0.000186128
432.5		0.000116516		0.0001127969		0.000110979		0.000110736		0.000185705		0.000185499
437.5		0.000113989		0.000112737		0.000113659		0.00011517		0.000183487		0.000184171
442.5		0.000111001		0.000114466		0.000109526		0.000115583		0.000183663		0.000181845
447.5		0.000113961		0.000112393		0.000109026		0.000111529		0.00018205		0.00018247
452.5		0.000113673		0.000111387		0.000110775		0.000113066		0.000180402		0.000178418
457.5		0.000115848		0.000112104		0.000113875		0.000111858		0.000179774		0.000180459
462.5		0.000112399		0.0001121262		0.000115451		0.000108447		0.000175042		0.000176995
467.5		0.000112292		0.000110633		0.000109484		0.000110229		0.000174984		0.000175332
472.5		0.000111235		0.0001093932		0.000111767		0.0001118117		0.000174498		0.000173439
477.5		0.00011293		0.000114532		0.000111352		0.0001102253		0.000171108		0.000173616
482.5		0.00011151		0.00011092		0.000110021		0.0001121537		0.000176346		0.000169849
487.5		0.000109973		0.000111103		0.000109358		0.000111094		0.000170332		0.000172669
492.5		0.000109533		0.0001108674		0.000114596		0.000112595		0.000169166		0.000169375
497.5		0.000112044		0.000109943		0.000113537		0.000109375		0.000164802		0.000171986
502.5		0.000108689		0.000110984		0.000113705		0.000111436		0.000167152		0.000164324
507.5		0.000111101		0.000112312		0.000113306		0.000111523		0.000165326		0.000162385
512.5		0.000112033		0.000112943		0.000111432		0.000111696		0.000164688		0.000161842
517.5		0.0001088332		0.000114514		0.00011199		0.000110439		0.000163643		0.000163776
522.5		0.000110576		0.000110589		0.000109097		0.00010772		0.000161648		0.000158366
527.5		0.000111452		0.000111022		0.000111164		0.000109319		0.000160205		0.000164568
532.5		0.000109357		0.000110394		0.000108145		0.000111722		0.00015883		0.000159266
537.5		0.0001077779		0.000110699		0.000108361		0.000111392		0.000159868		0.000157565
542.5		0.0001105225		0.000108108		0.0001090836		0.000109004		0.000155923		0.000158186
547.5		0.0001095132		0.000110737		0.000109083		0.000110934		0.000152288		0.00015214
552.5		0.000111799		0.000111364		0.000109833		0.000109333		0.000150609		0.000152011
557.5		0.000109353		0.00010812		0.00011004		0.000110663		0.000150584		0.000151685
562.5		0.0001109784		0.00010901		0.000110566		0.000112421		0.000152944		0.00015094
567.5		0.000109032		0.000110092		0.000111777		0.000109669		0.00015135		0.000150883
572.5		0.000110663		0.000110483		0.000110547		0.000107648		0.000146924		0.000151202
577.5		0.000110685		0.00010909		0.000110556		0.000109832		0.000149125		0.000145603
582.5		0.00010821		0.000108272		0.000108274		0.000111702		0.000150062		0.00014852
587.5		0.000108008		0.000110211		0.000107368		0.000109299		0.000148462		0.000146607
592.5		0.000109076		0.000106148		0.0001090866		0.000110747		0.000145025		0.000146962
597.5		0.000106904		0.000108511		0.000109148		0.00010983		0.000144462		0.000146605
602.5		0.000111125		0.000109025		0.000110025		0.000109044		0.000146843		0.000144602
607.5		0.000109312		0.00010935		0.00011089		0.000111226		0.000143666		0.00013904
612.5		0.000107244		0.0001088052		0.000106374		0.000108443		0.00014218		0.000142244
617.5		0.000112641		0.000110223		0.000108504		0.000109295		0.00014198		0.000140162
622.5		0.000109725		0.000110603		0.000109787		0.00010832		0.000142262		0.0001433
627.5		0.000109741		0.0001103		0.000110943		0.000106683		0.00014038		0.00014092
632.5		0.00010798		0.00010632		0.000109184		0.000108368		0.00013968		0.000143222
637.5		0.000110142		0.000106689		0.000109523		0.000108401		0.000139302		0.00013854
642.5		0.000108903		0.000109342		0.000108567		0.000109228		0.000133482		0.00013854
647.5		0.000109947		0.000108381		0.000109623		0.000107911		0.000133683		0.000138303
652.5		0.000111046		0.000108924		0.000107802		0.000109723		0.00013616		0.00013642
657.5		0.000110023		0.000109443		0.0001106		0.000109621		0.00013662		0.000133142
662.5		0.00011118		0.00010578		0.000108625		0.000109181		0.00013774		0.00013372
667.5		0.000107881		0.000106802		0.000108222		0.000109961		0.0001317		0.000133322
672.5		0.00010854		0.0001102		0.00011272		0.00010736		0.00012932		0.00013168
677.5		0.0001082226		0.000107001		0.00010738		0.00010722		0.00013062		0.00013328
682.5		0.000110621		0.00010842		0.000108562		0.000107621		0.00013004		0.00013024
687.5		0.00010692		0.00010916		0.000107661		0.0001079		0.000128862		0.00012796
692.5		0.00010914		0.00010866		0.00010588		0.000109322		0.00012984		0.00012626
697.5		0.00010836		0.000108963		0.00010788		0.00010818		0.00012752		0.0001274
702.5		0.00010796		0.00010676		0.000111003		0.00010652		0.00012518		0.00012848
707.5		0.000106001		0.00010704		0.000107483		0.0001083		0.00012852		0.00012728
712.5		0.00010846		0.00010784		0.00010666		0.000107181		0.00012714		0.00012488
717.5		0.00010854		0.0001084		0.00010844		0.000107681		0.00012652		0.0001245
722.5		0.00010642		0.00010602		0.000107363		0.000108		0.00012298		0.00012524
727.5		0.00010812		0.00010968		0.00010854		0.000107		0.00012364		0.0001237
732.5		0.000109422		0.0001072		0.00010858		0.000109141		0.00012322		0.0001233
737.5		0.0001088		0.00010688		0.00010802		0.00010804		0.00012264		0.00012238
742.5		0.00011004		0.00010932		0.00010766		0.0001059		0.00012038		0.0001219
747.5		0.00010872		0.00010842		0.00010858		0.00010984		0.000123		0.00012102
752.5		0.00010784		0.0001082		0.00010866		0.00010906		0.0001211		0.0001204
757.5		0.00010652		0.00010748		0.00011024		0.00010834		0.00011946		0.00011756
762.5		0.00010842		0.00010792		0.00010846		0.00010866		0.00012076		0.0001222
767.5		0.00011028		0.00010834		0.0001085		0.00010498		0.00011996		0.00011866
772.5		0.00010744		0.00010838		0.0001071622		0.00010952		0.00011818		0.00011978
777.5		0.0001052		0.00010702		0.00010718		0.00010916		0.00011846		0.00011836
782.5		0.00010828		0.00010738		0.00010604		0.00010968		0.00011658		0.00011942
787.5		0.00010804		0.00011008		0.00010722		0.00010318		0.0001185		0.0001184
792.5		0.0001087		0.0001105		0.0001098		0.00010638		0.00011784		0.00011658
797.5		0.00010658		0.00010722		0.00010692		0.00010494		0.00011616		0.00011776
802.5		0.00010552		0.00010896		0.00010856		0.00011082		0.0001149		0.00011704
807.5		0.00010808		0.0001075		0.00010868		0.00010792		0.00011538		0.00011596
812.5		0.00010852		0.00010774		0.00010646		0.00010674		0.000115		0.00011154
817.5		0.00010848		0.000106061		0.00010866		0.00010886		0.0001147		0.00011448
822.5		0.0001075		0.00010676		0.00010832		0.00010812		0.0001136		0.00011232
827.5		0.0001073		0.00010636		0.00010682		0.00010828		0.00011294		0.00011496
832.5		0.00010656		0.00010578		0.0001059		0.00010664		0.00011668		0.00011268
837.5		0.0001067		0.0001078		0.00010642		0.000109522		0.00011284		0.00011192
842.5		0.00010668		0.00010578		0.0001036		0.00010636		0.00011318		0.00011188
847.5		0.00010702		0.00010848		0.00010694		0.00010716		0.000112		0.00010872
852.5		0.00010486		0.00010646		0.00010918		0.00010836		0.00010994		0.00011258
857.5		0.00010672		0.00010552		0.00010358		0.00010762		0.00011092		0.00010988
862.5		0.00010808		0.00010792		0.00010642		0.00010492		0.00010952		0.00011086
867.5		0.00010476		0.00010678		0.00010572		0.0001044		0.0001116		0.00010968
872.5		0.00010682		0.00010672		0.0001057		0.00010726		0.0001089		0.00010954
877.5		0.00010596		0.00010494		0.0001068		0.000108		0.00010886		0.00011056
882.5		0.0001071		0.00010596		0.00010542		0.00010532		0.00010864		0.00010974
887.5		0.00010636		0.00010598		0.00010754		0.00010434		0.00010914		0.00010924
892.5		0.00010704		0.00010972		0.00010754		0.00010466		0.00010978		0.00010784
897.5		0.00010636		0.0001055		0.0001052		0.00010728		0.0001083		0.00010952
902.5		0.00010526		0.00010886		0.0001072		0.00010436		0.00010942		0.00011012
907.5		0.00010506		0.00010782		0.0001068		0.00010564		0.00010878		0.00010944
912.5		0.00010774		0.00010578		0.00010532		0.00010458		0.0001081		0.00010494
917.5		0.000105		0.00010634		0.00010676		0.000106		0.0001078		0.00010878
922.5		0.0001045		0.00010486		0.00010526		0.00010458		0.00010642		0.00010762
927.5		0.0001082		0.0001063		0.00010468		0.00010454		0.00010514		0.00010704
932.5		0.00010784		0.00010416		0.00010574		0.00010346		0.00010584		0.00010586
937.5		0.00010254		0.00010286		0.00010438		0.0001031		0.00010798		0.00010678
942.5		0.00010582		0.00010708		0.00010592		0.00010324		0.00010758		0.00010412
947.5		0.00010592		0.00010576		0.00010532		0.00010518		0.00010572		0.00010608
952.5		0.00010342		0.00010406		0.00010268		0.00010374		0.00010662		0.00010378
957.5		0.00010318		0.00010334		0.00010372		0.00010354		0.00010378		0.00010392
962.5		0.00010276		0.00010078		0.00010286		0.0001035		0.0001004		0.00010594
967.5		0.00010436		0.00010178		0.0001009		0.00010332		0.00010308		0.00010474
972.5		0.00010306		0.0001021		0.00010496		0.00010248		0.00010152		0.0001057
977.5		0.00010158		0.00010326		0.0001023		0.00010554		0.00010236		0.0001004
982.5		0.00010054		9.86e-05		0.00010044		0.00010012		0.00010154		0.00010204
987.5		9.742e-05		9.866e-05		0.0001007		9.772e-05		0.00010082		0.00010062
992.5		9.618e-05		0.0001		9.64e-05		9.978e-05		9.628e-05		9.594e-05
997.5		6.108e-05		6.32e-05		6.114e-05		6.11e-05		5.42e-05		5.294e-05
